2591 212411220
20331767 575
6245398 609
7611711 709
9803603 388
311240 69
13720993 435
8189641 223
2525827 157
2026485 261
7185650 611
8940067 426
8540452 727
16114017 258
20487249 472
19142608 413
7849841 315
764840 488
2676720 554
13734381 903
14842296 327
5923710 387
10725516 578
13437260 822
19709907 961
3399122 336
6212457 396
6208196 897
3186640 150
20054616 954
12784865 676
14678459 491
10493200 402
11582674 725
7033549 843
5750709 80
18025922 656
12964163 914
12217322 967
17672164 463
14288427 875
9129680 166
17656735 172
14684399 226
784701 603
2953593 141
1941391 161
7611126 963
18234333 134
2379704 954
5690597 96
21020637 103
13771307 714
1032677 460
9307541 969
15369953 944
6225269 849
3717800 917
19052223 418
7880083 147
18768254 267
558291 832
18240849 382
5484440 596
16916269 574
10221369 217
19842847 348
1872298 407
18292928 105
5791017 585
13713899 635
1399943 384
16719152 769
10142195 729
11462628 36
8985507 492
5679749 113
8942286 4
17260909 366
19281021 264
14823799 536
5863013 603
16573640 54
2170062 197
15987475 462
20086125 245
20054112 620
13625621 784
20721065 802
17061431 751
6287396 661
16361479 753
4513792 775
3246817 609
6981590 767
19993928 494
19875145 446
14237538 638
20059149 313
6309932 133
8291842 877
10029637 191
3105113 641
9845077 880
19560717 233
3560563 98
2449916 510
14744734 696
6393919 344
5190302 241
12000448 306
2933860 845
8107351 206
15337511 150
19450926 168
13463492 425
6951937 662
2854010 612
5605058 256
19139220 154
20779115 27
20801908 658
6700398 433
2041806 494
9994857 361
17779883 418
16487780 749
16789850 583
19387320 86
455101 876
6658224 58
15104200 509
3088914 432
5086823 92
8474099 287
4777313 379
19327797 125
15848037 797
319753 517
9652065 355
6639256 157
6364075 42
1352289 547
4153336 710
12599493 778
6316492 879
20764569 40
2074126 1
15441397 19
18664187 505
11790550 990
20126907 453
18263017 983
9991756 81
12403813 187
21211868 961
10701511 882
4822987 599
21134041 325
16012502 342
1626636 930
6680709 575
2713646 861
18249453 361
8648558 172
7713261 160
13645611 497
3524408 183
11508730 533
11303936 253
18503416 866
2764928 983
16721909 619
7626538 999
6689553 308
16525448 296
14834382 739
1191815 530
1007160 750
3576294 359
10675289 736
7719636 179
8198794 912
7473664 10
7976622 432
16986918 71
18468412 856
10331200 123
5939782 218
3673315 325
19665951 310
17655868 557
4235961 187
6592096 586
4864477 846
17273003 800
11283372 263
16542078 282
13614269 223
6139351 221
12331683 903
20142539 995
7497534 525
14097125 579
19761133 656
3155296 77
14483813 627
11526559 784
16053139 286
19404166 776
8124312 42
5075821 451
3317393 547
3572233 894
11646480 979
7946852 564
16231696 768
17172379 5
15617066 219
13799145 186
6560926 422
14204313 629
16893847 933
12892917 853
2351630 127
11533289 816
6588296 363
2962230 164
1801295 997
16759903 20
12113939 753
8595488 78
1966197 653
187228 441
5385944 787
3355916 912
6547530 404
5300104 561
17161996 350
13065097 99
17936566 287
1378563 921
6635508 20
15033844 926
8849667 830
13333292 588
215268 353
1526786 108
12608737 234
15754695 206
11538721 544
16721411 985
12612774 414
12265692 471
3972440 761
17503586 42
10596085 510
12069260 840
14661918 651
6184523 353
11845546 883
20260869 307
3478502 526
9646171 862
14070718 489
13678941 278
14512883 404
15264890 938
6497396 80
9928739 663
16478764 82
14682969 195
3082835 437
5923453 391
11818642 535
8915704 132
13536776 121
7680891 871
2265263 573
9329490 294
20550844 947
11502955 588
10711540 306
15912301 392
18736788 378
15253414 349
18383004 609
12777645 969
12452042 864
10011153 232
5637811 97
4648712 850
15676158 636
14704485 39
2807069 438
9504230 151
5065478 853
12584215 512
15863801 739
15588328 714
6804771 290
7351864 364
17363087 584
11908509 14
4088097 875
3065767 806
10315836 673
11843934 510
12447413 718
9587643 570
15699335 254
2262469 714
2610391 927
3677065 177
5378660 648
17820599 116
11215828 468
20052400 498
306671 816
6199631 547
8760915 850
15205027 392
7067383 467
10615642 769
13784238 381
10998047 321
7591501 479
16262312 375
16355126 747
16297428 634
5360222 455
9779695 707
10807569 139
1678889 258
3172960 25
7053930 41
17219848 84
13004394 806
12450946 49
2316967 23
15048923 790
11965104 796
14709711 894
12451496 447
9734086 957
20682541 588
7601348 325
20840734 319
3992877 662
10124152 800
16609900 509
2359602 561
3804473 417
672689 152
9748775 487
6605663 234
13607555 774
14710141 855
10349976 457
12317404 153
7727125 953
20357623 808
13073285 215
2309872 107
7553756 529
5995632 55
6968430 849
10466571 595
15546045 176
824432 327
1248041 173
14683827 424
11148512 980
13260399 565
1435100 560
14081878 798
18928275 950
2266792 9
10206283 311
10714055 464
778696 697
11344495 210
1848384 556
13623061 584
12263726 310
3612712 125
13578762 209
18748638 959
12599142 736
17273280 135
9226828 705
4848732 84
12207056 660
11144515 771
1408218 731
19771809 942
12338882 244
3510098 267
5865097 838
14315078 97
16433772 725
3207529 392
10191032 980
2260542 463
127760 5
7045332 332
21091450 367
2025178 938
6491230 352
14687548 979
15537899 153
15702840 708
13908484 25
20406828 598
1539150 649
2742182 650
9970207 586
13812937 594
6702287 487
17973278 943
10726130 301
3221149 368
4787509 642
19328565 414
8828729 451
6830546 402
1859718 702
8530087 325
15562498 956
9673272 407
13975997 920
11722013 894
652572 445
1944489 113
18103422 675
14411929 295
5386310 166
6168850 76
11404508 206
14580035 563
20662748 531
7995197 12
5640794 885
18639740 473
21218225 862
13195207 866
2693307 149
19964220 562
2000358 261
11963615 766
5660266 220
18344535 105
2752422 746
8348077 502
17772098 564
2181607 463
13434040 607
7668298 394
5108619 818
10373981 363
11925259 691
12663280 214
6688097 614
20577293 444
19358215 352
2855119 479
8002989 341
9780143 918
129530 831
4260665 945
9520221 911
7125278 262
11896087 469
2091786 968
18150501 611
11749497 502
9427133 698
20416551 957
4877447 939
19862210 264
857335 93
7815145 253
19407723 659
13332675 667
11505760 257
3730394 23
17400165 745
17556124 756
616105 709
15898291 913
11404499 143
11294215 697
13596502 36
619304 540
12289630 395
15582668 120
13206801 35
535312 755
337602 683
15093504 258
13068108 424
3861384 770
8973589 549
1865594 694
14238749 443
10143150 528
19061357 719
14672330 208
4704384 652
15996761 401
4017810 122
13919856 772
14356145 56
9778504 621
14743189 221
4541372 576
20557448 152
8733308 794
15520908 875
6651141 471
1240234 123
16636785 726
18877961 383
12312389 864
12842780 197
19169973 881
6895463 511
2206473 252
6419592 150
1162712 388
17374156 848
18124188 507
12271597 262
1014 473
3102096 956
7095722 864
7084284 783
5742428 865
1559247 402
1657045 587
19400212 772
17561678 742
17641360 494
5382609 422
15554971 330
10011746 882
1744050 657
429035 291
540994 359
5992113 737
20739188 385
1752817 126
12911786 773
18251920 357
973074 90
17089279 665
8445880 108
974102 74
15802109 732
1631609 906
15653906 204
9258312 495
12161048 207
2529959 256
11638245 241
10665650 490
3041966 973
10676622 885
13779528 316
20850472 970
3501036 31
17091190 775
11399746 52
2899085 540
14640236 263
18480423 384
17229935 495
874603 919
5664920 623
17262601 780
9506109 320
1020936 957
1383946 681
4280362 634
17184594 531
17194511 857
16871130 866
10487886 132
5766492 228
17521785 132
19833918 501
11970179 647
1537918 667
4964507 472
9213737 458
164982 708
13273110 390
13521050 517
4871080 707
10816958 92
5506080 53
725302 866
10545174 357
20241705 43
18538889 959
12197032 156
7531277 874
1250623 474
3092677 510
4265345 848
7346562 852
11076092 545
19775227 858
15859005 912
4298860 156
1719154 308
2610448 711
9448542 894
14370264 84
12208281 845
7001815 621
17113331 522
3148346 365
8822920 175
986033 88
12660300 936
10553125 247
20235619 789
20546082 230
1914693 625
14239977 866
665666 196
7615715 347
19943720 507
566332 802
17618519 164
17947815 585
20168445 462
9653285 577
6560111 176
4155805 321
8947056 85
16962435 363
18165415 745
2276284 515
8497331 143
19228180 611
913306 371
21107714 417
14304827 856
13584158 204
5475348 280
8262107 166
152759 617
3453688 372
11918063 307
2077308 217
2191772 449
18278087 91
18350709 693
12753285 40
1467726 37
603230 156
11112553 125
3119832 811
15761498 870
13007054 211
17695615 813
1554073 314
20731057 984
19122224 438
13606718 873
4008574 539
2961992 887
7533787 703
21199087 608
6390606 87
15140242 92
13051661 11
7389241 746
2429523 938
13892302 296
9019289 510
16975006 998
7693913 31
15431918 26
19968915 882
1221278 881
8427361 315
12029061 142
12694512 563
17413564 666
3604314 289
7375681 627
16459580 290
12455871 389
13891538 648
20962591 321
4423527 109
17053474 765
17677039 447
17959405 538
17383253 295
5935658 240
4444298 981
4174233 989
5033575 973
11035990 821
2672943 425
7701383 865
2487777 829
90119 148
8873207 641
1710513 758
56623 806
10267854 803
5358517 139
9636830 592
10422849 652
19829363 283
14854123 646
10730646 749
17638458 355
4888100 692
11707695 325
19990343 164
11123486 93
12769907 570
20766459 354
9101023 82
15680343 769
12750823 703
12750887 63
10808433 521
18816553 704
9081500 873
6768969 379
5009310 948
9386206 870
18970811 282
8398979 651
10111966 291
3946548 834
6254158 964
2511976 383
3323804 889
20235217 429
3610018 775
12119016 503
15690506 22
5768812 29
6480802 429
4281747 387
21078685 232
7506267 46
16377226 523
5263858 54
1376865 636
20824949 454
17386019 436
9171286 55
3955583 209
5300260 627
10177501 148
1493407 387
18265748 759
10101446 158
12093287 70
20307217 532
10249339 27
3393440 267
13873152 541
821505 54
3863509 899
11302479 478
11698419 270
16086680 162
3843836 591
5943585 190
8525832 677
9214625 833
6568548 418
7182670 934
6595326 891
6284074 954
18236652 827
6351264 219
7568471 759
10604687 346
19522751 280
427285 311
1192890 55
14337707 829
18763266 47
1964079 749
7356597 159
20496296 423
10239907 176
12412821 62
20612740 589
9469317 124
608956 42
13074419 840
17660725 602
1242212 997
11532216 704
12350850 165
7820427 623
7253182 206
19921848 527
2170111 821
6045418 576
4223828 917
13284862 920
4178990 394
1908209 595
19965824 347
15892161 663
3116605 754
6139916 559
2629460 859
16307999 605
6615860 621
10188950 982
16607131 557
3955638 903
17794931 884
15402465 327
11356097 44
10324158 886
17940425 374
19974261 467
9926074 253
10334228 363
17610004 692
5491103 440
1134599 220
17028250 908
6218130 225
3160124 273
15099562 198
5308408 578
3628494 731
16071549 171
18130017 615
4773904 763
4495023 632
69387 848
15201037 385
5586108 766
14471717 827
10172707 647
13574896 42
11128919 307
19632783 428
12754972 249
14754377 401
545513 926
12002795 600
8419382 530
9445611 104
12004008 749
4535490 242
7986773 838
17956480 80
15211004 976
13190959 273
459021 589
10435008 358
9638842 783
8826943 671
5751552 875
6786856 501
21086243 549
6278393 162
12602473 572
9624095 970
6780499 411
21161857 845
493769 38
6638375 298
714381 221
14841626 647
8577227 250
5097847 612
15183197 167
16462084 236
8173316 575
9632330 456
10279702 708
21144719 483
6669358 702
13030064 302
5095374 102
18112675 337
17831661 785
13070834 939
13751652 825
7305497 185
10430925 552
20318256 547
16874248 275
6281264 780
15623568 393
13086595 613
243651 841
15404913 279
14009152 751
16140543 263
312919 523
19228519 469
12738040 792
13246027 524
11729658 176
15415070 12
8874938 107
534249 206
19477125 288
2259780 772
7765281 975
574727 422
2074574 677
13238020 45
7748770 921
14384610 63
17665265 107
5706167 11
16295411 719
2949953 473
14264021 883
1835565 129
14604222 189
17984043 687
97726 937
9572889 820
13435591 851
16375073 828
11388203 551
7541672 469
11637398 923
17388330 160
16826833 840
3813235 716
8635237 974
11645634 676
17196597 588
19113345 418
18736717 852
13027085 985
3669242 118
6824074 758
1379207 921
75724 644
13674316 689
12099671 166
16280895 63
9288812 820
4449745 880
14408916 790
20773239 392
17771349 948
8439184 903
15719127 423
3726346 182
10720929 145
65819 784
5016459 60
10603076 653
17492223 588
9225844 730
11907264 250
7217079 882
19314778 192
5712806 208
6174590 635
9742128 994
6203883 946
14987018 109
16179314 794
4096808 411
1804673 887
5072782 464
14189661 778
20705460 39
3817664 118
9290240 339
1909986 610
5359396 891
19759857 865
14565744 996
20831171 988
3168560 740
2523147 127
1053055 485
8603633 312
13413263 656
15404043 913
7006819 903
19430074 630
10984028 204
5000103 333
6646728 631
18396295 137
2508810 873
17196249 538
14087038 564
7042811 324
14275643 469
17002562 424
16893493 919
11503434 61
5426236 546
14523584 916
7996551 676
278623 194
15238419 564
14403587 329
4992025 730
1379532 183
13371471 819
5241390 771
3716725 366
10983156 642
4581448 92
11811787 433
14843056 776
4071080 779
75300 909
13679915 602
13806961 676
4337554 352
20088521 381
18587376 815
3317409 861
4761803 727
9642487 825
14126423 617
8314116 733
14680286 53
20534615 670
11423800 51
4274602 294
11391745 768
9644501 916
14301529 838
20541309 750
10026332 385
18354828 643
2510490 971
8024780 135
637252 257
17818067 49
260844 728
15571140 135
14476636 78
9368061 40
7783309 669
20051526 973
187953 939
11760936 196
1227192 46
18989428 142
19717093 724
20983208 237
12327765 189
1472630 974
13544462 914
19435294 545
17950453 705
14293287 297
11391692 883
5937703 995
16760111 165
2171425 79
5483239 22
20864678 953
11630856 17
19337774 370
4508607 457
137864 281
20851215 131
10041267 202
16360324 440
774461 77
18589446 864
12114475 46
15871700 443
11032166 425
10055271 957
5246161 305
10531393 760
6118009 758
2205129 733
12053692 797
5373046 648
9233820 66
121477 200
5877930 274
2734043 440
237247 290
18972172 446
12927237 587
10145012 267
13127576 403
18992243 683
17244667 887
15422029 820
20847034 150
15566962 3
10100908 822
8289732 436
597145 471
3720417 92
7454266 919
66464 592
5487725 278
2621540 63
14974276 161
7457745 576
15763307 617
15248699 740
15910615 184
11818512 327
1047292 970
1843532 294
6630350 183
4937923 424
12614956 761
6420060 871
21033951 352
17484336 712
9319214 377
935447 558
6207967 135
18723758 76
3469873 992
12099860 225
2488223 369
19322481 85
16098863 778
19763120 505
3430283 977
8055305 855
2431599 556
18844006 69
7685097 114
6231541 466
6168565 661
16541024 883
7227354 180
17112418 979
17097241 273
12532149 385
13889429 462
12756042 555
8094552 323
19621075 477
14510132 677
12889862 349
10982774 733
7828968 56
19443363 723
10856155 227
10101604 291
6446911 69
15643912 625
9975451 91
19360836 262
659696 421
8768969 362
4783813 153
9301646 545
15408197 101
5798951 888
19813162 838
8126348 955
6635491 340
3923241 400
9695977 896
10195670 39
5099419 295
8538365 537
14928183 944
1494069 184
17294357 106
8587959 202
19212607 84
67918 470
2806180 860
2172034 330
11227788 658
6732640 538
12638848 680
7160301 40
10253241 643
10253819 13
3389289 614
4055166 851
11075313 360
18544408 870
10991885 702
9643846 751
5183966 125
20846599 77
19599311 295
18076037 212
20518848 225
2072605 812
1127301 5
7317420 785
4498808 67
14556913 483
16622508 394
7068130 72
6192362 46
19371769 381
13013362 183
9048487 559
6103829 804
16255098 616
12662405 646
3917516 469
7246416 565
17052302 828
1478809 810
14987989 787
1693000 616
16067678 364
10794846 153
7559744 567
21021757 649
6931947 40
19970227 928
9935607 949
4670879 991
10765947 360
17343827 225
11162343 739
5864727 601
2113751 248
5342232 912
16093444 546
2088928 827
4249054 385
12279768 99
5661717 108
13360156 142
9624037 299
5571597 795
18395846 480
9031530 12
12074618 849
9812437 591
4562153 820
15107605 282
1729993 447
15106901 471
2996027 77
10001701 64
14480138 486
6060024 670
19466462 158
18832144 691
14192949 660
16023190 655
2129175 287
15956498 708
16310029 877
20018197 701
3257172 902
9212439 70
14227867 1000
17946487 563
17178385 161
16140592 358
1040996 906
1668058 68
12894646 19
13577599 480
3058443 943
5491640 121
18140813 465
17521668 655
4570164 565
2718049 405
107030 848
19447434 918
11819581 495
15050416 520
694640 731
13507704 648
6269401 143
11796339 852
2909132 113
3435176 357
2931143 626
821877 248
536071 909
12604475 487
2752718 334
17105219 824
9453809 888
20213077 854
20770499 883
632850 378
11965791 183
1500191 960
19103934 506
9548097 794
10270762 291
16126768 723
1440839 607
20034932 975
3285433 466
783861 613
15008895 455
11332522 567
12879014 178
13175806 324
19191491 478
7917850 60
5660021 641
16715604 166
4881497 429
6352284 268
6719833 396
12790372 508
6498529 588
21184833 84
9984917 733
926719 304
16402280 292
797867 69
2070699 403
1258202 741
7165375 536
4444758 333
18080857 642
16605880 307
3968040 979
12706213 4
6064223 750
4734426 719
16764701 457
109431 409
4415806 173
6721820 407
7838802 126
1308940 200
5359196 250
1917778 624
9416012 67
12185694 165
21068299 799
7690220 222
2851916 792
4298208 823
2633299 461
10654380 147
20444246 17
7523551 97
2590318 106
892756 139
4532840 303
10663863 199
14557967 555
6252816 404
19885453 688
18840333 774
12924691 965
14085601 80
17428905 122
1060252 512
7024562 113
2377819 834
13011193 318
14570796 900
14889270 443
14247550 552
17862707 606
298291 319
20844925 611
8596492 877
3768188 646
16720574 862
20257879 750
4604214 356
21109671 245
8156495 724
18880310 70
2378240 54
20854789 680
2643743 751
18045311 407
3392006 980
902855 85
16280128 391
10549402 534
7602825 950
10402180 245
17450304 138
7879883 463
2651163 784
1962476 136
18382474 265
625065 243
4799968 222
15125936 18
15673680 74
14692176 587
16337727 291
7131592 879
14172654 278
6617295 548
18199964 278
1459534 921
13950206 349
13398933 421
15667157 692
16004177 95
11508596 532
12634151 974
11188822 965
8396198 13
14157618 43
7747792 781
4139682 376
8857137 705
17138335 949
20951756 611
8491367 930
17596697 907
4999902 184
12956676 379
20235981 580
2564557 821
2918895 180
15251769 395
18895392 602
15728624 422
11851571 187
15697700 791
572763 87
2720561 998
19165792 323
15465509 904
3451574 580
12740066 146
272582 175
18324429 36
5995506 875
7700590 808
6322464 224
7513265 91
8364918 663
19945091 347
2408306 35
7724967 119
8623996 606
1485107 443
10490757 943
7321174 186
20298984 913
5633651 668
8749574 189
995480 657
8301607 287
4354209 16
12573598 167
6864442 58
15601781 787
19174006 833
4078834 721
17265156 366
18209912 900
18724494 135
5033278 776
18785518 381
18803286 119
8640302 119
9561441 744
6432713 938
2391963 130
12099934 89
19087239 717
20219900 288
17032891 428
1864609 174
2849958 281
9386316 395
9954074 484
1340938 227
13119231 538
17606520 685
15508501 14
12981732 867
11794842 708
14555519 53
15024285 664
17647489 615
18324514 926
7538329 711
7189488 38
332480 186
9328737 25
11928665 872
6092946 825
7169052 213
13399874 44
5857974 477
19303935 938
5515551 490
11250496 813
8172151 794
13605947 405
10863641 182
605203 658
18799680 725
4019759 258
568426 519
14401083 545
15988219 1
13024373 897
12419582 942
4575230 209
18747592 593
13330279 638
9491106 522
17679378 922
9232478 263
311164 820
10291332 444
9309469 425
20341058 655
2172088 545
8659725 349
16146096 771
8489854 972
19258026 190
10239617 882
1543534 461
18497060 698
8367665 911
12766540 34
15534298 610
3278250 474
20512777 68
3629428 489
18515746 787
7462535 834
11660152 671
2947131 979
13182473 562
29921 444
15026395 330
11723760 746
7410553 844
7101860 252
20934617 455
1942146 604
10232171 182
2712746 520
18272957 897
5453072 80
3201369 812
20491099 111
11904237 434
14171092 300
19922031 521
15769848 414
7743586 842
7715052 622
10572932 488
16428655 590
13398091 9
20845073 876
1618670 863
5313820 566
3925774 659
9451640 545
6908907 291
16501574 601
9735031 939
13744660 353
7964737 338
18357417 811
7523042 404
13648446 491
14443086 777
19957094 876
16159007 485
15036720 771
1116869 591
1779636 92
5213871 836
18010605 506
11136345 477
3613947 314
7337666 484
8472206 531
9583931 147
14102720 201
10614751 530
21108691 150
3147694 378
4855378 108
15369877 792
11042430 1000
12727396 898
4830568 155
15443081 222
7597627 152
19891585 735
5651681 476
17844109 679
20687470 945
19162644 116
17146081 793
11789435 982
20409387 476
17666326 831
11571372 799
12827033 117
20791264 657
19907197 713
20214716 334
6021127 154
619895 361
14634409 675
17493876 865
3580405 342
19138175 833
9875082 833
7734887 128
13941734 238
15755442 49
5396088 100
1829418 900
2404841 662
5748922 329
20897754 934
8333629 147
4331061 913
1107104 303
5613513 97
19769929 615
2729607 544
17382372 581
8014151 941
11119569 796
1771769 780
12481506 250
6872304 48
13795216 424
12737028 445
374701 125
14402987 876
10926212 224
1136628 993
18444318 882
11620513 80
7851670 44
13291773 717
19853412 912
14808053 580
4342082 932
4275765 886
7620386 58
8446686 873
1594277 771
5100948 802
3311196 753
14302412 100
13475781 78
8680784 772
13962389 479
12354919 17
15820834 460
9183748 408
10241703 844
13294275 369
10809871 152
6466874 532
15662331 918
16636706 77
3643269 13
663872 150
14840846 288
5962818 234
4405514 164
20025887 952
3249442 442
9661 166
5967285 939
13653547 802
7067841 961
928859 451
1225294 464
5108117 296
4953321 853
10268719 949
13279040 483
16369144 429
7928628 27
5702271 837
21003227 924
20135380 886
14597748 109
10011701 928
4094034 725
12040547 712
14822293 225
13889856 310
17991203 516
13934264 431
17017954 975
17576133 837
9329905 438
7354214 32
20884841 712
3591873 964
16303750 815
3414837 876
6552256 440
5583514 405
20482953 999
9843822 439
11903208 56
5633199 452
10669601 207
14543456 961
18714521 979
4286294 415
13265741 67
13506128 112
16097589 685
12585262 682
10798735 198
3228801 583
19127788 560
6706451 45
5124745 190
3767595 234
14642327 366
8104934 680
528509 305
15239492 861
14396033 444
2565758 300
12456715 952
20419945 140
20311059 316
2898874 477
7349926 40
4190931 856
2903684 429
20941666 838
3411735 607
4217625 165
7706675 423
12970332 369
15542633 366
1746785 260
9859317 77
11087158 182
3980933 542
20607942 620
9323380 183
13975384 938
134143 700
477083 130
7488 965
17192232 379
12947931 322
13712223 137
491301 523
11700560 281
11986496 676
2736190 465
5041141 403
18598986 287
105201 481
10666375 750
4408535 11
12081230 498
12098384 854
19974660 691
20345336 497
16759737 112
5074439 145
3238919 91
7359602 740
12248 531
4612900 213
11872848 27
4916078 24
764047 606
12377447 625
16095547 957
12145729 162
16299267 348
145952 196
15024617 296
5646131 969
8643394 335
2330603 949
271897 53
2917089 625
9427374 456
12315826 425
9921834 818
15534637 13
37688 915
4755804 674
4582054 40
19264117 865
8573873 253
19390536 427
6951811 335
14673370 570
10171123 363
19099394 225
8712802 535
7731451 558
12047800 427
17201960 532
8228125 474
1918547 475
5624581 343
7732499 278
2909871 614
12485355 19
18080432 468
13407876 81
13673758 684
6290504 143
18541425 228
1930477 807
791041 299
1379400 493
4217608 294
5942479 348
5888921 332
11938037 242
17974786 988
13803271 129
4268718 954
16735809 197
1233971 390
12062756 196
5462981 729
11114394 848
17499717 89
2065068 980
18884397 281
16430717 930
9113365 498
16578657 820
12687842 756
9700329 303
10138638 874
10001808 759
14492715 485
2787355 582
4345500 896
11006155 336
13780512 224
12533761 295
14259477 71
16092994 475
7513950 204
10530751 719
5978417 867
14076561 698
18346627 895
20831101 311
10963585 806
4713207 674
4281170 790
20074193 135
15052411 397
5008340 820
20751404 824
1041565 704
2005300 796
4921951 693
18062762 271
13620150 449
6941843 2
698790 172
16847325 48
3123971 933
3849321 68
3257191 478
1142609 117
4939912 723
8651434 309
20969261 792
7340013 589
15468780 878
8618841 93
18509181 344
16896119 106
18791715 499
10604622 247
16744756 936
13855453 695
11412731 207
7779944 336
13574049 76
20693063 307
19631325 870
342460 543
1172001 581
17122519 762
13132374 93
6759637 362
567252 736
38635 34
2256512 833
3312323 280
11829571 261
1262644 505
5994075 834
21211252 479
10794389 514
5081452 401
7143820 315
14204714 278
17433281 391
4243083 366
9948263 693
10360701 44
17197971 8
1099133 593
185534 837
3835864 678
3343202 977
3524622 96
8450360 342
5403696 85
16512681 145
5807695 378
4377271 6
14563463 580
8940237 419
5085888 818
1523377 127
1545597 457
4357888 217
20859676 53
1208170 17
11815223 424
6271315 908
4333425 972
12058479 203
5160710 474
20894582 419
10188678 67
3598309 614
1795697 756
6372842 660
3516056 59
5650709 994
7409190 432
14586045 900
12152913 434
3001327 468
8990351 585
4641866 135
20318075 808
15147479 259
13822685 48
10315094 829
16888941 243
11673847 975
10992391 103
3911603 848
12848562 435
2739022 614
21235327 866
11908027 947
5336095 36
17169434 143
5953933 440
18790931 136
9267378 893
13894573 443
16414512 955
17429099 398
15447794 320
16306757 899
17894419 521
11226250 161
19555704 842
5391405 220
6266402 732
3483732 724
1834318 66
10954598 39
20910785 324
1565241 286
485443 463
3589773 856
11839388 250
18596158 825
18313500 453
3680050 698
16845403 790
578106 822
10967658 512
17400008 393
16977014 518
12295601 347
12218596 287
11625117 438
9178407 736
16351338 389
6616561 181
1493451 735
19355380 167
436611 910
9747798 260
2987998 174
14669848 779
2482327 934
4134290 151
16646047 517
14104169 76
4308755 663
20672942 800
21100442 707
285621 843
610384 706
10292922 720
7589528 937
9898256 870
6586603 485
9073687 823
1454018 68
12483101 819
11548940 626
2062711 376
6917145 104
3223637 932
7758198 220
2600310 464
4008786 552
4593306 453
11163824 472
2230972 384
14504867 165
1195739 354
9925730 443
4215124 721
14877869 904
4263872 735
16552213 141
6887958 451
20626190 924
16528670 669
12252850 238
3596788 100
8925617 626
5860556 892
13748751 539
6503086 66
9766474 542
10133477 811
16283006 621
4867477 246
9708800 241
18064292 159
9200423 337
11608535 421
17522345 121
2093495 750
8254956 443
20948960 208
7045657 323
8930528 208
4753894 231
20540149 299
13440092 569
15712614 571
4253322 598
7736918 567
9929625 151
3496251 665
9258543 647
17502676 331
15496439 727
4838945 158
3482414 972
19645713 980
7598527 862
2554331 639
4054728 86
15468631 355
6321358 545
6023809 505
17665642 455
18482117 851
20031724 230
15318420 168
19451627 964
10128679 863
4110756 481
9050907 341
20306615 1000
2319047 883
20892567 956
7509873 871
4793946 783
9841048 246
19630583 786
4912536 905
17401029 254
11572751 585
20744579 831
19774375 958
18355425 113
16630295 674
5878306 545
1373977 133
18361758 744
21062611 720
15833381 864
20857234 999
225484 843
19534478 697
3971238 483
490616 534
20086961 806
10571934 301
18593843 689
2515979 208
1494016 60
10605124 412
10976754 156
16663016 479
14450637 659
1166275 827
13779535 38
621916 849
5107988 308
9435993 910
2343310 420
11117908 690
7694404 889
13144704 166
11634935 102
6650396 297
20363520 886
15272324 579
3819905 551
13257732 253
3224532 513
13128902 64
3891675 28
10919336 17
5535622 207
10175565 100
13754776 196
17138247 798
16682816 325
15047225 399
13153966 252
10035829 940
9056769 297
20676292 281
3548228 856
21119735 723
14765020 829
13598411 164
19134636 180
5230413 763
9444855 545
12899051 365
14761911 848
15805465 617
3956562 582
17985843 200
19195376 96
20206427 488
7369256 613
755435 247
17050884 714
9944192 176
13953225 335
1533168 560
4531804 931
6872471 700
8699717 191
20120996 301
18904635 945
1440666 508
18231986 247
2442251 393
13766753 706
1390839 877
13458147 7
20666536 49
6546942 64
14554786 71
18644010 420
17497681 848
17185555 21
11006391 659
10121289 324
9121000 231
7778271 38
1177429 833
14669068 18
14090874 782
12757724 26
3073899 978
16395179 989
13659036 519
2311979 448
20334649 315
15516540 292
6642590 623
10937906 740
8975582 965
4931132 724
9058948 511
15701376 239
20093254 276
13115355 701
7808770 200
13873215 481
6694407 285
982177 25
2872396 587
13199933 423
8156119 379
9604246 757
264625 616
20004186 102
1389099 600
1642249 833
15163919 561
45350 13
13759121 315
4642459 171
19212366 921
13641690 651
2675813 33
11843289 659
13340955 639
3255392 388
12617474 797
20944836 192
15168877 268
21058659 372
9621950 252
6212671 211
5095700 825
20015961 640
5567859 360
4797198 827
9379126 671
12980991 329
9391780 912
5285342 701
837027 229
10261241 326
19260345 284
16088919 493
835776 293
15933724 253
20413987 607
4583989 275
16599095 986
4745782 910
11804706 248
17966042 853
19483106 811
11986743 336
10979767 140
4735022 2
3968783 942
5733196 45
15672983 50
2249902 340
10205608 774
16510299 140
12249610 622
6947186 323
14794163 439
2251995 716
7733610 671
12169794 32
18298990 558
11215529 1000
10481245 46
3444517 520
4255500 958
16039402 146
11488613 918
4748266 529
12360179 777
7806880 265
12286155 259
10563261 759
11223400 659
20574937 89
4138124 110
14691992 784
11947626 212
3707622 387
1280283 347
4555157 158
3574447 847
16577325 443
14708955 415
5318081 948
11329360 991
20452026 281
4885058 528
941631 532
4866330 651
14516194 378
19136022 178
438756 328
10307489 422
9593923 196
3930302 19
17031585 593
16445106 308
17333953 909
13048229 967
7650700 161
19611408 731
14588287 222
742231 443
17704397 174
6214909 212
13422123 507
3184134 627
10310846 760
4423939 820
21072653 920
18602957 457
16144088 112
331756 591
4985072 907
18037836 73
18833488 198
19781702 278
184891 848
13033972 963
19416819 801
7903698 676
9901413 878
13181395 206
7936642 377
19779437 997
17509036 62
6895506 536
9179654 36
20479812 727
9784375 966
18697730 581
18162142 68
1300445 734
7107809 59
12657953 201
10989344 483
3376147 990
15719261 795
14878658 359
8703997 207
10713952 583
3606757 185
4501748 578
15623124 309
3018496 898
4824700 54
6613728 783
16774380 365
11834122 839
15525848 59
6073263 220
7474456 81
15113929 20
3031993 831
13844443 829
37907 630
8136390 462
9010259 564
10014692 864
1672397 985
3240857 849
6129571 657
17664922 770
14498899 834
20992907 629
1932133 809
11251813 941
1502504 631
11956192 349
10687270 970
8018513 326
14129489 510
15410589 298
11151317 341
10619617 742
18132965 115
19475060 893
12082501 678
12432312 605
18323420 130
4198722 857
14157088 360
4499840 127
20061699 542
19870033 511
16685048 333
252720 816
10974245 271
4650740 924
5838759 765
4931212 413
2571004 336
10112483 865
21167558 652
5793845 61
2208120 520
11164091 155
13213293 509
17533701 54
9598479 358
1394372 874
16308156 886
15866377 937
17642443 446
19057305 384
10251900 614
10446946 998
4149788 640
12141878 628
10000735 49
17107131 28
17784997 394
19547880 36
20547574 299
20604405 776
16369022 803
1064074 898
8726905 725
3778253 80
18844784 337
14565038 531
2643016 223
3081127 730
12761562 113
12322062 824
10492067 481
14977811 4
4931507 148
17093867 581
2431061 29
11598715 729
13077972 334
17794872 847
8068438 610
18589069 32
14161470 534
12082940 725
18970814 728
10708734 807
17416315 231
17546516 553
11098021 318
6828290 206
2394233 430
12596381 572
18593410 68
16644079 410
15456149 874
18339884 259
2257106 514
2160450 326
18603274 593
4600431 49
13878282 728
12990756 917
7490548 627
1491318 767
20170560 614
18913066 522
12505206 692
17931070 688
4377130 662
17164971 495
11286698 870
16633043 898
3463385 487
13919167 990
4321329 409
2732362 459
3396509 38
15103940 450
13781538 643
10967239 157
3318681 378
9372291 401
17184463 475
5875287 654
8362528 907
13400928 849
12905146 220
20147352 617
2093697 740
17855698 668
18783684 930
10164272 681
488548 883
2211542 795
3967986 133
16161131 682
9954380 428
13370663 973
11769055 1
4790626 867
9656608 840
11527743 657
797623 415
19961785 6
11362186 473
12914893 926
6490821 415
17186978 314
5594578 46
18965950 479
17381819 727
20684045 297
10959383 529
16944796 904
7435969 290
20398030 81
15124681 658
11090156 184
11114179 468
1254625 393
1845967 505
4713694 798
9373874 802
3778410 402
1046100 412
20125176 349
13448206 409
17515825 876
14189526 637
5757599 384
19966098 168
9981018 277
11920017 10
18866766 897
652946 731
20943586 466
16369729 982
16629794 919
329349 64
5263009 41
14545147 915
8276494 23
17619178 968
1597669 869
14539927 268
2257342 886
18036841 780
13904281 118
9759059 126
11105333 511
19350378 36
13306665 640
14748416 269
5156684 638
8239659 598
18089240 293
1683440 889
15350465 683
19311425 513
20678329 997
1135405 874
18183244 963
12197046 211
17356074 396
6457488 128
