2406 710240262
5533319 303
22960111 165
32161159 96
19135693 781
53426927 564
27457872 854
12103685 907
46763869 618
38996692 132
54219694 760
2765663 283
35938636 405
32373727 408
14591128 628
63838744 845
21697800 459
10941087 355
5090849 434
66072111 999
3380267 112
39999196 32
54753053 314
37013519 522
10599718 841
29054645 621
44424601 185
60309327 421
39969796 118
22843479 79
53158230 865
35291883 342
33011221 707
67328445 55
63927301 799
19173094 437
56049836 167
24375027 629
40620660 298
13220124 538
60779566 624
39252125 577
14842166 609
17747942 23
10385001 229
47090060 963
5490006 362
24168305 839
37497527 627
32928780 160
23416825 814
48845707 539
67652067 926
58359687 985
8839992 405
55018616 383
36926408 11
17584781 7
7372843 171
70324995 741
8728644 585
30473948 636
57332367 623
20204052 504
46468665 267
66670856 116
57860991 439
54697932 125
61011638 700
14594855 638
70015590 307
67446167 157
49109077 370
42453167 881
36696518 435
61739184 736
30736857 250
14365032 300
58555101 749
8074579 297
59481268 206
3862961 514
46835761 885
47569257 824
51638261 971
33236177 48
23160365 562
59252423 910
4527425 133
69581680 114
18922098 4
65759778 481
59453530 350
22804636 985
52083911 959
41436736 468
14201662 799
56423516 574
20755430 587
44932243 818
15987976 705
24751759 387
54075945 792
7672365 427
7820628 186
61273100 968
23457074 747
41125176 857
13842389 813
7819199 518
2790851 866
37769903 276
32361733 352
57990632 25
5119231 989
14694761 188
47868960 432
33492145 869
28672729 445
47475822 993
38643288 896
24625294 978
40760557 861
44783539 370
35112677 112
41144270 544
47516167 558
9767569 55
57743945 25
2236897 218
63890067 167
35915201 669
43795800 771
37660711 193
57032051 155
63915084 200
70293534 477
59067061 276
18289641 27
15546063 901
14239601 934
11842505 67
66496019 415
64487590 888
58816626 10
28026812 855
13464239 606
21653703 560
68169235 460
40223478 399
10248529 229
50523959 191
30294656 448
49115272 494
20023715 152
32016814 852
29568200 202
44593479 989
47627386 805
53424928 909
48853738 155
26316002 402
37921537 162
70991253 480
50836205 153
27619207 668
55490047 35
52732384 560
37662727 598
33092680 345
56181140 697
62846644 213
12002959 755
1818989 53
26223869 13
10264444 740
29035452 867
43685163 149
24369044 315
18405243 218
34356683 382
32727532 959
37907145 751
39026796 744
32970270 664
43365065 798
51672492 617
584170 368
28724382 904
66996720 289
68982357 886
52833877 885
2306773 866
60071631 138
61569811 261
34935060 880
37788439 883
13572965 721
43492306 901
38427139 211
63558036 400
36093025 353
28995714 501
11604523 973
52679530 874
45028023 58
43550554 360
51373769 362
44251517 728
47372524 341
37676031 342
28978285 949
57182721 66
70253852 380
69947290 212
27662323 379
57696731 847
47626839 153
55092930 651
26931911 509
65927972 395
65556163 412
20197045 944
66639600 984
13791056 808
51283074 301
64840279 210
21186950 865
51694130 818
60686457 72
21631346 532
5604413 355
38281623 197
66747133 328
57472286 106
2782625 383
69718792 931
48713311 679
70133315 2
66100836 725
33986850 218
52588461 362
41830641 23
41177190 343
4792713 862
29658229 999
619947 85
47093933 510
35356106 665
20073868 379
43044084 9
9334089 744
4458445 44
41814038 517
36668415 317
51563160 407
55458302 173
25800891 463
51645905 150
406052 238
28888929 669
41068387 93
27869072 270
25905839 629
34601502 595
38192828 592
10715495 427
8692791 543
62012371 540
70429417 320
41028048 17
19918957 5
47395445 878
55601072 740
5529884 143
28132677 857
26299012 767
51767790 697
48740689 399
63422000 472
30179442 732
17790133 969
46199192 799
67732565 496
7859798 666
23267910 794
14888857 429
4940015 712
31746782 765
19287899 561
33550621 555
26720010 499
59569378 419
26543041 164
49053303 950
65888234 773
36746810 925
60469395 74
6806356 574
52032124 865
23038230 908
59096456 464
34477861 488
4679912 695
1280625 596
2074542 947
39714896 320
35277231 746
69513983 32
64530591 2
42778920 498
39675651 888
24666208 468
37463462 46
64955762 814
5519418 678
35771278 462
57982426 470
13874187 922
24402226 199
1016101 704
28369156 732
53913789 805
63205839 901
29234306 187
24317543 39
19288087 139
69505805 790
63016003 368
49871453 159
17558419 599
26217117 53
46637151 314
56430743 999
33242417 471
60751634 128
57784378 62
69490497 857
60963967 68
20320341 94
34422440 827
33497643 119
11746009 967
29110558 640
35517255 909
4011567 139
62400264 577
36965357 277
19034546 652
24677616 403
43676306 607
7357707 896
56977181 15
40886305 587
33971466 345
50318956 534
62666524 721
12600844 285
29170128 617
28246820 543
67350958 372
68027696 819
38353800 317
46382029 389
5703266 309
37944581 370
52576150 383
43482240 395
53150228 265
53446434 248
12589756 181
18735404 983
35437694 403
39161847 667
36954925 601
37096842 203
14433745 408
68075396 64
12175396 637
45394601 736
17517920 890
36035800 962
52545411 795
21305956 285
31531829 399
23399932 677
30456695 687
43823135 477
12621003 840
58212113 260
26592200 30
11723166 271
41025662 575
19476984 833
42618459 839
65242286 126
55873110 622
42350310 69
66665292 278
24701034 579
35587125 78
15099264 513
68710758 45
40133905 23
36135210 173
31026537 723
33056750 74
37823523 321
10572968 869
66777370 196
11505567 220
2926437 989
68768922 196
70703851 580
52788946 2
45357498 287
47953982 739
46016625 756
5102157 101
55332542 879
54583618 611
33309388 994
1037032 960
55705095 88
38757068 995
37693190 112
15132006 436
26472033 231
55367590 558
25262801 689
23069743 167
22345878 162
32677063 901
18837627 53
70781926 240
33942978 582
33510154 947
6570022 719
26309222 162
26545651 72
29159582 810
58228203 194
27716747 93
117482 382
28357673 151
20961849 846
38458936 37
38720059 429
2892321 254
42913577 52
45868814 857
37053453 94
52885059 703
59548937 549
32715403 363
25196596 767
46265879 947
10914899 960
69770028 279
45078026 431
62550137 995
50964292 875
1458198 243
37789815 122
41253236 988
24440209 275
52389393 816
37130290 55
67271320 553
47496654 216
2178446 919
60330240 594
31409311 723
39097900 832
68330935 55
18911654 45
6762066 488
59726080 253
36245205 177
64566061 506
12604326 356
31904407 860
31384808 627
6488306 951
56673153 256
9914967 372
10179075 486
54734310 414
55098429 970
1012294 463
29859297 81
31523497 303
55383202 480
38010480 10
1907658 356
4531033 427
22879553 874
41513944 72
3871472 313
7603068 392
48269996 586
67670428 308
57339459 819
4417881 889
24320158 678
54736866 954
49865862 252
70414194 150
33070866 201
46390011 834
69952843 847
22984842 102
35512131 379
67113838 242
13454450 729
38609296 116
67522415 817
64020949 162
27163427 402
19910248 997
2124720 413
32114771 780
62888667 478
29467183 815
23695457 398
14277043 321
8666313 138
34181765 860
20706080 849
3174534 88
8222033 714
31901864 261
54269995 788
41489667 913
56651748 218
3166493 607
66671841 907
32691369 772
3828590 627
61809505 84
34636634 395
8161549 477
32281800 924
43438959 817
21511809 331
68539929 404
32758921 344
47599900 121
29166138 713
24371843 670
45842859 253
704289 958
21412340 21
32679886 737
70842892 693
49469095 292
36000864 421
67260832 186
423165 394
29037785 34
39764502 33
11724632 695
26667975 203
19042650 713
55837710 956
29500327 515
4299407 7
11960958 217
36425288 675
4927241 178
12473421 142
62292586 391
69708161 496
53543398 359
40782191 520
35750474 917
824040 287
69947952 433
29601319 661
46636509 578
3114869 752
5648691 849
35424569 638
43296750 651
35909352 619
32383127 84
32057278 560
19680581 689
52209207 56
56270944 222
16776072 384
22646431 93
26677292 114
65610396 765
393537 380
9224697 37
69922020 717
17539981 516
58167349 537
69163982 692
29192341 458
50647671 985
16133062 960
59528431 37
51433071 585
38651975 343
24727692 413
17915037 19
29144157 253
70789247 762
12071353 945
56905311 282
42710783 369
55399017 304
62585571 861
35570413 848
69094688 146
24381921 890
9140087 465
12488 555
13288954 277
21348805 31
1006516 550
62110656 109
68268965 830
17429018 838
55523187 151
17517938 269
10288234 737
22352090 779
9385144 641
26544540 125
7250445 536
19835057 318
15201089 290
61475709 306
38132988 27
10668065 759
70952294 357
23242548 878
38272362 724
39127823 504
64739103 232
32023436 318
8505099 262
29934793 400
52703468 762
12462172 85
68175212 801
38762694 557
68378341 699
25187652 315
8529477 810
55324687 439
60453953 810
43592588 680
48961451 229
16782968 89
49136474 168
48259091 218
67429851 692
26386571 465
21358783 299
13601807 728
12774907 21
7425385 335
39839358 344
61837987 913
1135132 245
41953497 983
39125473 279
27474231 72
28712731 586
32808937 349
12969370 447
17982656 890
48863347 701
4140072 438
9096762 554
3627550 435
16847430 635
33781229 318
49253837 588
2667878 400
49201376 589
7513661 931
64830181 679
46032039 779
63190504 953
9417500 744
63526083 440
70080226 650
2415791 689
67972032 122
12965521 348
43510179 305
40797006 634
2999227 296
7724070 730
12666379 24
18806280 512
66631670 269
8471425 171
15832494 111
28084872 328
31534460 620
10893403 833
69151761 371
46338943 62
42819304 694
52275513 166
11997153 848
58797312 203
20220683 271
46898244 492
20523645 746
9390388 377
57650064 500
21817267 221
32652887 735
64827846 423
50247931 185
49934063 803
15825091 828
52743505 809
26955178 631
14122968 555
34388574 816
50723525 221
8499713 375
11272669 62
68794706 718
63982125 33
45825544 465
70582709 181
60036034 669
40002105 747
70968303 384
70113628 612
26138158 396
45369504 749
15024696 682
46175579 251
14068549 488
56779725 298
15110890 551
68101044 322
45046991 229
62695116 233
42887227 946
11887444 593
68558650 456
26900670 629
2469663 588
64997011 314
616357 26
9590003 127
46525263 58
30058448 171
7756845 414
43965315 940
38106653 185
8608582 980
59987021 709
30368116 526
17707397 723
8664639 322
25847380 959
40683279 2
42932018 738
32298209 547
8511366 173
58930072 798
64931411 950
22828891 764
46108742 804
49338937 551
50771397 578
39641123 286
25542534 661
19244009 170
9930368 994
32560551 131
28568409 806
50203201 899
61130360 98
24477882 549
22138540 1
20052358 882
62974200 825
16861215 196
18428991 929
61490577 381
57952335 981
38989403 899
540707 87
45381218 35
8138675 290
18552855 908
32055365 130
60767029 710
26324698 731
2799697 795
34144386 882
53402937 231
45799729 659
39885553 940
9236683 716
53659882 470
6436360 881
55943597 603
39105124 276
45508874 310
36647757 922
62188527 187
58245504 178
20135494 988
34344463 858
30916810 251
28322503 588
64894776 2
26383522 449
49536786 518
14041910 201
13520766 276
57214732 436
18436890 65
47204235 881
15203176 272
21957181 495
25002952 921
44441397 430
19183469 86
65725753 529
17607184 597
56038244 627
37722793 918
49982670 694
41945011 803
34320655 270
13665003 662
59067163 205
52087481 810
9149845 332
2407253 700
51672303 515
65734192 408
49285243 599
20672317 320
22554333 664
67273500 33
15502891 342
8707415 766
58133969 254
67454870 16
53362978 617
48665626 91
47953352 797
65514842 1
11404416 897
32543482 757
51875618 976
43310381 478
51153444 524
35494306 258
5062298 596
33135007 106
50308758 862
12813286 835
60986676 138
5550878 240
33740716 96
56787736 1
67841365 590
58743724 632
59591005 941
11786962 639
41096146 761
68340264 870
62100698 526
4358190 226
69342702 273
25058501 285
18881074 526
36006201 509
68832057 836
24483589 498
16448335 125
2669277 427
48550627 552
6842335 896
58602032 952
48085958 662
8544659 651
42599308 284
2623080 839
49907742 876
55847817 95
13626922 296
42603776 72
55626116 657
60925239 987
22296707 310
26044712 558
43742645 813
4526930 52
11886011 542
42516498 111
6007386 725
44792374 249
31950738 644
36237896 923
36193960 750
25703684 660
25865787 916
28278281 209
23030658 504
48629157 909
40271689 827
42189420 165
33468134 156
45812504 569
59023917 241
66209958 373
16859347 298
64805364 663
53300046 122
52123746 335
20629923 758
59778959 85
32381843 990
6188474 822
54205037 217
12809113 770
67521933 141
57844000 121
21592563 247
30330378 593
66961635 753
14454539 608
68885816 732
66677734 150
64022194 695
55463202 755
7594907 114
3119019 566
46199396 149
6267486 372
58271357 746
14684522 507
63824378 70
37819091 275
53613420 860
51339577 599
42011674 867
34646975 313
53446031 486
8545635 869
15394089 243
63942490 788
17275915 418
22852960 597
51805772 356
57672834 271
8070448 696
20475442 427
21618050 641
18370264 658
8669407 50
42347171 304
26942842 985
28095796 579
62698568 737
61475922 901
27721604 639
19665413 161
19491322 749
20083722 392
28959422 23
66688203 366
36596378 475
67783878 964
67060989 338
9360585 446
65162058 410
35735600 117
20720035 350
63322448 250
44296114 471
70971420 10
58981559 876
41264487 507
63519202 376
45480818 116
6875371 316
16158468 686
13998101 862
15567064 22
748890 460
49743863 250
8809498 599
25969041 673
26145359 614
14313396 279
15345275 306
63855102 938
49556847 132
34794536 174
43152923 451
32691740 875
62694484 301
20481428 477
65308616 959
33457507 436
13314047 343
53774041 323
68492001 327
12741295 603
46820835 14
16726776 890
36350535 40
42716642 791
37512632 898
2523016 285
53565251 57
39719801 111
71001584 566
32609225 648
18263260 568
33306146 456
11504062 653
18900741 870
66492299 498
12131240 992
12837122 713
37181050 867
46526898 327
47556337 692
34274220 319
55004973 352
18208547 370
34741862 845
49646485 910
37545250 142
39971490 67
17462090 83
1513336 635
42806826 501
28795680 447
65519573 92
19976189 133
26497013 585
14104799 336
31789374 606
12292499 979
6890232 518
4353877 526
18266003 427
36958426 393
47872451 962
32431190 253
19235781 685
7805463 893
3762088 3
13315291 683
42101900 86
30805427 462
46979320 334
24142837 921
19006532 415
30169157 334
37295172 623
41314293 54
61010429 82
55343401 870
69504327 23
16810105 355
32850514 204
38849095 200
21586099 504
31934936 122
13297420 508
64727466 161
3799378 620
49278444 428
8488064 18
70828652 672
57722648 430
69565763 563
25210028 229
17895073 577
33487721 223
69522429 989
33365950 890
68101573 547
48132100 258
39984201 748
50990996 347
20746787 690
37753008 408
22506309 51
61202917 646
15781197 770
23452154 357
48386021 271
69728569 679
349959 807
40455923 284
20640700 216
19692221 153
51070601 40
24002361 137
15892675 351
8914080 495
9832165 122
34277525 354
10174066 32
23492761 689
70660576 423
57073958 183
47650757 737
12378035 626
63971895 251
28314148 958
34763818 766
23663584 317
14576662 993
55454938 207
19958867 96
15282702 124
19661833 117
22060790 197
19034086 92
60411942 544
61698893 323
69480845 160
38843867 496
27609239 432
68696762 154
17339916 166
29838183 464
12275646 536
38935187 662
1720474 538
16137116 381
35944487 5
69905135 662
54623757 414
56870272 36
4993802 832
23017192 531
5979285 377
40199246 223
28160453 519
30194092 256
37498527 495
10922377 954
64317370 809
37807335 493
10329042 382
59631356 968
28233604 175
7566839 860
2008675 709
44997992 499
53300599 546
32323661 396
29445205 320
61527012 492
643360 563
13737400 528
27867163 454
68377186 795
17032780 502
9253299 286
67298288 793
14410832 809
18496150 23
56042680 815
56813370 923
58450463 241
59701958 727
56203622 178
28298009 541
17544010 810
44799777 513
8508851 779
68830070 912
12782630 765
12190921 787
33204320 794
69574666 590
53096686 993
18661705 643
59350686 321
41645561 114
13504303 790
9012982 472
52781736 622
37331029 551
4253306 190
41516406 600
47652562 137
58789647 238
47651732 363
62504430 67
67636046 857
8243436 714
54667406 907
38280819 191
61552963 164
18852747 200
25481610 958
36101305 550
1400468 818
61265341 62
45971103 377
37774778 519
65728921 602
5624881 785
52321462 833
5449515 297
64715734 347
48253401 123
3467454 334
46885597 771
27872097 506
59418927 88
29074971 829
42242307 457
17048860 382
59098896 512
24138326 998
38112717 252
44080684 245
48300369 947
65702701 754
48559806 11
2109741 478
31295234 935
51620122 946
29769163 383
43396319 577
56688603 271
35843308 471
21580711 153
45346530 942
604404 464
35811044 45
16314255 206
48291613 419
37728927 353
26171299 599
28966716 723
5589133 561
17844751 511
29459934 622
41846586 130
34252177 559
34180187 702
43749540 15
61062191 804
20786549 182
15576593 953
18839979 198
62939439 308
64355153 680
18394703 585
67807072 603
37264204 256
27646679 974
29971820 592
33519578 682
33023034 146
49338368 997
23137170 884
3513338 652
29222296 134
47861124 284
31189801 146
38129076 244
17398551 220
871986 614
50394297 571
31461196 170
20219788 330
63625910 823
55632216 735
8257725 679
45943908 662
2908665 9
5787150 939
66942718 913
9296035 943
24747756 750
9230289 526
52302554 376
7168753 749
36536936 552
61147126 380
47453977 616
34851506 343
7989183 56
64598746 551
27860505 780
5670587 592
31228836 284
47979448 15
9669278 704
8681373 389
69314221 114
515688 575
49655419 26
50575839 472
37587268 606
16145881 10
27592336 809
22362603 200
52512523 380
29726734 176
29432138 214
37581747 374
45479742 211
20578583 139
45570530 370
43207291 266
35482914 140
59251574 340
27107661 926
30179976 813
4966840 857
6836591 700
50554224 412
19199645 152
21004487 543
49003418 495
36735635 665
70464235 580
27941206 381
28554001 465
61846321 516
35476865 571
60679728 437
70749563 713
18463778 319
22287530 178
15058763 255
7481749 706
20878037 280
13104518 128
13929829 954
44063225 135
22355911 599
3358260 629
17721823 789
19995035 845
61734137 884
890253 707
50750315 732
57481286 965
47424350 59
66818679 482
24354475 370
59703191 943
4452250 686
369032 122
37686071 402
14985269 592
53895949 460
1309261 307
54304388 822
34081040 560
50354031 555
69013863 106
27300700 721
21540321 876
11797527 376
37289217 9
14154449 884
53195366 208
22319061 531
35442852 735
22143736 348
6186708 930
12358019 184
67817425 780
65621337 413
28432683 876
30750762 336
37377629 858
6391618 230
69176808 13
54593254 389
5825064 313
5391219 915
42717708 817
56468226 960
27082532 398
11684754 678
60238037 335
53729923 266
39084253 912
20389528 842
55777191 945
19585357 667
15990813 917
38090646 156
22863207 816
23743406 68
68568625 286
56192275 22
69234850 618
22191251 877
44001475 229
19688548 465
19494967 185
14259689 225
70741559 662
59890260 380
43260970 30
169040 209
31263771 634
30901599 587
30805158 563
22643891 505
50256800 109
27895770 760
27657410 229
69569690 678
175955 599
14184053 124
59881312 290
10922610 584
24357144 407
26529107 654
51260602 462
40375033 572
50978793 959
12800058 235
20030749 365
8783036 130
61066686 651
62309921 522
44176526 981
22402104 93
42897089 827
26116460 638
2335825 488
12103985 953
32140334 449
59188071 784
20642201 69
3831060 59
15810721 68
25072785 256
35776396 491
32207718 88
1906160 739
2947763 571
35968077 664
64008985 144
64540626 389
60389942 33
35044983 797
47770857 541
51681672 672
22947493 736
26024652 423
33230653 708
39129650 950
43862517 282
32571841 265
38643713 913
43486224 495
63840144 747
47081025 664
44696283 260
51969677 808
57930341 269
13238481 528
66045387 801
12452803 606
24984421 58
1581774 784
64362705 895
61937847 643
40414992 594
16661741 993
46957172 639
48970267 20
46539911 509
8895126 189
19359834 517
19317684 364
22501892 943
67611843 755
55107784 746
9644999 94
23679228 649
30207560 702
38935919 709
506626 369
70098985 637
31660145 141
4844220 62
444710 686
3675034 872
14839386 139
47271523 894
24950279 973
40885073 911
26458140 844
57470199 367
52794773 784
33735720 104
20692253 933
41967323 111
15821291 590
36536301 797
25117814 388
56712583 321
33484668 155
70253150 777
36442079 552
69914727 705
57400889 786
3951742 456
8934471 850
59514283 594
3353498 432
54504166 593
42937609 15
11446005 63
37713842 325
49967480 615
25063100 316
45807970 793
31531871 299
6512642 480
9318513 761
864375 124
42832308 525
22197813 948
62343512 441
42127561 380
54736075 953
37708618 660
12590527 320
61795882 639
35141499 343
34519674 568
2994472 942
51952001 646
10728528 223
39594833 294
7657071 974
9949033 54
33961232 211
45999565 704
45692788 924
12744926 491
58432967 736
58696562 101
3507761 389
51624240 627
21200762 757
14221771 873
5635958 228
21510922 311
55361341 496
16044392 407
475712 267
55919196 453
16336014 745
16248900 242
70272334 817
38063607 123
45999406 470
58019680 223
69086299 991
15787441 761
1643526 45
48166777 947
29230807 457
46272914 944
16065138 524
69040001 533
38821681 40
33177194 604
38435231 144
37575120 66
49889171 350
17563800 379
54953034 580
34226842 67
2559208 470
8381932 228
23053012 513
4823549 125
18525626 476
62132668 843
24095897 289
14711743 461
20759467 632
10843346 734
64654042 606
23024050 605
3676452 166
37565231 735
35880752 255
23964930 894
34160854 545
19794014 891
28704949 677
32788434 788
32253382 693
39893760 983
38640337 149
40739523 528
31190217 564
54480536 953
4654873 725
11050416 406
68895333 341
36399935 351
5651372 804
16842437 246
8479691 853
14079529 161
63295872 973
5935638 547
45654809 37
21096592 930
37899887 667
14353176 638
8332996 850
4119413 991
11230733 871
27910253 987
15025452 138
21327639 44
50741070 796
9058761 527
13151265 166
6537149 739
30229196 251
45770280 711
23979243 576
5587190 69
23343043 1
2570977 402
43850324 705
36966599 758
60390949 52
66656149 379
26130117 509
48606217 901
7813843 982
56256581 811
58995008 224
61144340 847
6391698 923
4440733 909
41987926 564
12074397 814
68057591 798
54430714 46
68256060 859
54015201 428
50313063 894
10191135 485
19022198 445
5997633 856
61298335 52
67888630 262
32854495 707
20889897 668
45827727 888
17112137 85
3608463 695
54619015 996
22627687 133
50945387 760
8970554 734
55614269 311
38454161 83
60751033 169
39003583 843
41530362 795
36938990 213
55642456 397
67510325 115
25890375 146
13335292 455
4253529 878
25096907 708
45030232 74
5083591 187
69324147 983
69035766 971
9346345 388
44046376 747
4879392 168
54311271 23
30866243 141
5754066 37
9835924 418
53152641 75
46065868 117
24371593 54
7303725 162
28939327 838
23514966 555
50247455 207
36223565 980
39567698 643
42966719 509
67444660 888
43516877 114
43480643 537
15485674 227
40069598 983
70753112 395
28685521 90
40493258 771
20013565 66
68236313 330
17784032 728
31572765 505
34604784 671
3465642 388
17509205 612
23487248 903
36547167 107
55552136 213
6044621 572
14471099 245
33956658 969
29467185 372
19068176 423
18345754 844
12265486 520
27020307 2
64208961 298
22425354 383
51579698 970
4805280 176
61746653 795
25084441 247
28926625 325
26359715 930
43417659 996
39561445 742
27846263 168
16577653 761
48374597 101
36321163 565
30296475 364
34382250 711
3074449 769
648241 239
59640916 543
70862330 686
52021098 465
57535583 527
40578915 569
11006295 73
47509504 377
25655601 746
57691974 505
2933181 529
49310315 236
12823912 100
45051677 534
22826267 423
26410161 979
69882432 864
33325497 572
25124754 969
27394967 431
32454341 549
42149715 891
42911539 643
11867193 630
54071983 908
29761160 198
37886955 631
29897468 892
12203687 99
34724763 336
65160560 354
5939059 629
33996219 651
44613790 787
51529122 938
41932732 923
25599153 471
15628999 946
18176551 201
19604645 556
30617086 210
33758023 979
5675926 399
47155907 770
50266936 641
22836017 85
54253130 828
28930891 508
18358261 407
60446691 654
7945715 602
14090414 681
48082170 240
59155572 621
6874029 711
36718142 317
41842968 956
1746374 243
67821300 279
32479967 571
69744260 280
41148538 476
69966229 362
7001839 111
20891805 946
45724911 30
44437420 498
63092116 663
57542265 993
59755035 25
46308808 49
63882668 633
64905955 633
15646113 776
7327496 926
40309829 543
47596003 986
29718523 681
48438324 829
58732664 64
262311 155
29863804 885
69412421 567
38198084 83
9443982 530
1251247 183
8938915 901
26154172 211
49976722 739
34665682 80
56841946 282
70487089 833
65631012 423
28005685 314
67019014 822
54242182 686
10526491 773
70635579 703
60691536 897
58624500 76
27907432 968
41405703 424
51978853 427
36004631 996
32830875 439
43524217 212
27863105 228
49077841 143
67331316 342
67492967 322
5258950 96
33070098 694
47384716 368
57658203 559
4350844 260
22092384 544
61552238 356
69140402 889
39172152 975
27599902 591
13192432 239
66577218 321
47726583 162
42998431 623
5249431 484
44305713 811
38333534 553
51167635 73
16236327 492
68913070 338
37701255 728
4383659 678
27756765 516
46318622 653
62515532 687
59039650 825
51523151 269
23036331 624
40554060 296
65920349 60
15890879 137
55443392 558
61326362 541
67106424 365
17076465 815
11790458 314
2264300 527
33971861 305
26031131 384
32735802 204
39167868 834
24804968 670
39063100 610
23969136 911
30772493 672
42170927 983
50819085 524
27078216 799
17999487 44
8025491 484
41027974 199
26995957 653
46253442 313
21512119 45
68579691 253
38705808 106
41823 297
44851365 973
19054877 383
67884017 392
22860318 641
2653835 22
58414582 2
22598332 677
65125020 159
53883288 275
63284018 942
68654361 127
56309161 760
48872327 388
4881524 578
22529839 719
45369158 646
70287250 17
25676337 879
934222 941
44966426 853
11792388 560
16325882 580
867912 937
23430969 369
20085566 754
46268695 146
10999972 866
18379058 13
6789974 108
50260889 627
36927972 45
40432598 550
31828881 921
69602692 247
1384125 435
55057299 155
7317037 697
60824574 301
15535479 515
69506488 995
1044428 638
61728296 147
15675992 859
68214223 15
49905500 578
59921647 471
2073460 598
11096624 357
53450931 661
47623292 206
43563813 28
15995457 933
40843479 756
67644299 23
68431092 281
8275876 155
61669474 841
29372954 886
61305830 158
13119077 990
9656874 489
16652276 10
20965320 780
42430274 822
42368516 495
49287485 854
13789811 885
4752664 698
21656430 957
52274830 913
29538172 265
3930998 968
68136800 538
34540374 773
17819928 36
22539488 221
8403040 472
55212221 864
15034893 63
30578440 778
46039937 102
281134 673
36889475 370
296052 381
40725053 412
26768645 532
29436596 540
31950858 946
34418821 423
5637721 849
3480948 372
56308833 534
12767275 69
50201021 427
49384711 167
69232802 380
70733775 916
28576734 135
26755191 246
60891997 951
23494734 651
21740230 965
36936062 740
47586426 596
34227330 277
47854176 438
49877162 664
63288348 727
60879079 203
45944892 707
22538329 184
14044961 80
64264366 312
32829289 777
61271070 585
17146294 188
31096928 746
32311725 253
9834905 794
44070192 821
6274597 716
37299041 464
67328445 527
36967883 221
2695956 651
4579521 681
52383513 68
36215053 321
2951978 247
20205196 690
70212375 416
55173129 693
43566885 704
10592578 224
17137644 778
66110121 349
54843347 466
44333725 289
34067168 633
17299463 177
54708710 651
16572543 381
59434789 989
55380321 53
68087464 283
4597035 317
23947621 877
26458379 213
32454465 154
3444331 7
66056116 609
21766467 626
34901031 665
60312205 74
27733729 882
42997216 997
6948709 253
30203353 594
20314278 186
66964233 38
43753150 375
5529657 343
16477226 968
55650730 964
49022638 43
48572606 653
63266237 256
49342235 796
6117557 672
61674094 282
36033944 479
24514021 241
33780998 235
540417 366
1521822 433
26838441 412
61364334 56
44047583 386
63247612 881
35923673 890
51300636 9
39592956 71
211161 709
9894753 940
52052164 191
22904102 293
12873397 135
43271336 944
56771134 939
40133379 688
21602971 386
1259757 397
60440790 144
51550663 468
35962500 932
24523627 377
24102865 839
29069122 254
28500524 13
48257197 1
57277112 841
51133636 887
19991730 119
63302316 677
10527414 101
36171684 865
61563745 207
46108137 229
27959059 36
57792937 483
56395458 23
58802145 408
2915389 875
1844694 962
2888173 551
70398284 824
63852262 110
34386173 355
60434859 991
11100007 721
67368021 251
16372895 53
10167613 769
62938077 65
47207148 281
31362182 938
36914711 926
42121943 948
66289817 368
76010 339
55753797 148
66862072 538
13228340 418
13710456 265
64450685 363
277675 389
37353137 876
5651125 19
63384845 624
63976976 427
8427254 673
14000245 529
27045663 518
6076309 568
64808589 563
67240335 213
27366541 892
23721171 625
32998785 569
52543847 803
9764821 460
16543183 1000
34782772 534
25876769 813
62905565 928
57578199 625
44000944 729
39097057 405
16807411 701
15710029 523
12199291 443
20859622 256
29132942 682
8044114 986
61413209 260
37183724 390
27016121 370
15299718 198
50493567 981
34546008 219
45527937 51
35786555 921
19597081 825
35699169 263
14736821 656
61761108 727
33319949 249
45927380 703
67951158 152
59087422 716
651427 982
22733498 445
49947396 115
52215562 628
41600499 48
21242359 127
60274113 592
15851497 856
52904477 665
14235049 338
32201296 838
68478333 376
44435537 56
28497327 305
10971263 428
14304513 922
29390461 255
63095458 418
9849834 808
64908708 577
34416622 946
42775141 66
17429580 958
511664 160
69997367 929
13699002 800
27423178 911
52131925 685
65440446 546
33870832 398
69483934 405
30234476 134
8444970 713
29721601 980
28008961 611
43972563 107
61941390 948
65358721 921
19093190 242
56583624 765
7139038 911
12592535 691
50231824 753
41601289 76
53497451 241
38825173 815
13433301 387
34499097 69
51753622 913
3604251 911
4331684 201
62328224 372
56025294 858
70296801 981
57224381 33
2193736 876
51255880 112
56361357 896
53355180 442
8731619 444
25612106 35
32428598 223
12244579 789
35285392 756
51095334 276
7356458 453
43831374 475
65976092 713
12388149 517
32040296 298
52904679 857
69675529 31
13720321 371
25359103 211
60612962 343
47272590 329
23978248 532
50597683 85
15678562 336
19418539 201
43051228 364
20604364 89
44908069 421
46123597 698
37657289 17
36957891 515
26314293 479
46544620 751
8923338 72
11305950 207
14595984 774
14568039 183
70563241 459
52585674 787
42177948 793
27751764 881
16246117 734
12892098 450
48866806 592
50850088 66
55276507 90
17558398 922
38616441 99
60068936 274
30369042 810
5497270 934
58906426 269
18366550 593
24480500 128
6321705 838
24724495 8
39424743 735
46026127 636
15111658 335
15522566 209
19487446 292
61191595 824
59848124 332
27662280 476
4943599 912
63136540 770
36072125 784
35060644 571
15434273 699
68579627 145
38658899 480
21437614 992
60706890 287
4555781 791
19051680 425
29563293 706
20184773 600
4500599 969
47799377 706
31227717 427
25216548 210
11371904 988
35271017 54
64978463 961
23916336 750
48542738 553
3174492 940
56235458 966
37313011 447
67973511 461
44294279 781
47441152 380
24604349 721
41647587 506
47712002 30
37986415 688
56618728 660
8167018 602
67921121 264
727701 72
5243952 790
52020855 168
25484290 496
64703816 4
23412865 129
70912722 664
54721891 521
1542605 149
30349349 443
58775821 642
54007789 180
65333546 619
34415753 877
53799805 384
24919931 356
16093103 173
68992258 39
31266433 214
29540288 581
64472987 17
70295363 117
8889870 823
1669803 353
47177800 555
31144369 560
26274535 401
11796026 246
20841987 760
36870366 840
64593542 856
56647387 736
16794840 864
21278553 975
65319592 644
61916114 928
20571753 392
3659618 213
62726453 343
62833845 274
32566272 333
23649730 367
4420935 418
2101546 814
58644101 499
22408549 481
