1895 531391634
1789399 733
33446672 684
50890959 839
2834961 954
43290837 368
16433984 877
13776480 786
36814804 170
45403026 195
40847089 732
14419906 457
18635425 707
17601972 574
52756935 411
10924252 740
32359836 64
47659063 878
27583653 501
15433911 924
26011280 401
35687049 193
40279176 323
4957112 131
16668218 215
39040917 772
9035977 677
35468404 964
49097530 859
24412893 594
5062199 809
26084865 247
28866130 795
1136152 992
26470755 120
51189640 907
37647740 810
1004851 151
14529012 502
33256088 353
46298763 565
3836550 109
28804448 336
48143173 57
12663230 275
7946593 311
14755701 558
45150125 693
51561585 951
41563938 199
22140656 494
33306540 771
7656126 731
18600378 471
16399588 515
35628507 394
22742167 977
45877596 577
37172064 521
21322856 851
13051057 499
36869788 85
39696665 236
45963374 411
20764748 243
42949208 899
22562362 936
31128720 903
49382415 553
29319655 299
27615704 312
17909287 421
33001985 405
30419188 749
52676410 856
16454182 386
44700441 58
6743752 607
30939723 612
7277893 695
1057794 367
29815864 499
31137731 35
37940558 745
34350149 138
52495979 815
27698936 112
41911460 141
51696642 880
250323 139
14489019 367
48470599 762
28212192 118
14508062 465
46814304 655
21533886 842
26862427 881
15083833 683
4895466 622
46138294 736
44249225 29
4854704 805
4772450 819
15916171 84
48050367 796
29109764 941
32989469 346
18417698 630
3437158 689
3765168 793
21534851 449
45341317 339
27857799 90
31925562 368
26165506 339
17944373 389
9427443 826
43253886 442
21941256 782
24702309 626
30169623 963
28078144 834
10339647 539
31410899 874
32548124 749
516294 566
13179535 120
11658003 266
41184218 294
9375860 956
19331778 512
27079430 203
21737774 438
38559639 205
38416773 231
50346407 454
16748614 114
21771097 122
39754731 179
3611898 316
17000042 662
31303904 395
32385417 871
26113274 236
35625532 574
18429292 979
38362314 618
5486285 99
23808415 247
20040575 641
26913317 666
32224143 256
8975070 652
40258108 651
48270295 356
13637172 131
6543443 637
9526704 553
31074044 584
6841843 54
35743452 28
24279033 234
485225 70
9536731 531
23964108 105
16494515 165
5779870 409
25830882 122
49313492 849
39557725 615
29633604 497
23066928 760
14272998 918
13826639 954
33414175 614
9569731 114
7721771 50
26458189 661
38489145 465
7464245 756
4596796 938
2749666 586
28823184 343
33805764 329
36373684 410
51958065 221
49911575 583
21788273 236
22403201 816
48143605 41
49242633 432
5547008 738
39605601 318
43614340 679
37237428 147
47010290 383
19200939 106
20820242 57
30940844 417
25425563 749
46524330 576
9447463 65
8598448 793
35271127 983
40369916 733
3568000 63
43563735 684
19041945 379
11196255 148
23884054 553
1980794 730
22086504 426
43456316 631
42194815 435
34900045 510
29894680 315
34890964 926
22662566 636
8773661 421
8232690 916
47181833 639
41847873 402
34566106 259
25782018 686
24872722 40
24601122 970
27487744 94
38191727 599
28600866 97
44252305 880
13903497 505
51465077 244
32891647 300
24043306 888
37885121 316
39289397 137
11969485 221
19243412 493
13470991 672
16594762 508
12055537 257
26389367 157
5723953 180
19630316 296
39705440 818
34437211 543
23249438 721
1752939 281
17727759 787
43083364 673
16450026 951
34986035 245
30829169 543
36675082 32
29036569 183
4385983 524
21348130 319
7802673 530
15072537 658
14427967 624
34754176 223
6313358 61
43141213 762
49412911 252
26575770 91
39369874 65
50560522 984
2372435 888
25028868 48
16996655 315
17425590 379
12758548 591
14901395 64
45488491 582
14344429 181
34831214 789
21122398 110
30597310 469
19886547 898
3915673 221
35931539 567
5867252 805
49888163 706
21770963 929
19228558 40
12650318 397
5096020 423
28617059 113
52566578 266
29712657 150
9084679 299
45021154 555
35582525 394
26106592 65
40065252 804
30244386 231
50006940 846
21492183 102
49036213 849
16311680 262
32725368 229
25719992 201
3906291 249
35782793 565
43097447 162
34297258 936
43572128 764
49162295 640
5840663 979
26392896 902
21387060 232
35376849 926
29951049 212
35546252 89
35956836 303
49750822 942
31256282 199
36616589 28
24682835 112
33551206 277
27289813 706
36146856 162
35933977 311
35327711 755
6206127 162
43065830 329
31179980 885
27378289 986
12612410 365
53118592 543
27339247 773
19434866 299
23572951 547
32047142 888
9911434 48
4344891 68
48811246 82
11316691 884
18710466 754
42843470 493
9395902 107
5799816 108
12350035 652
9864026 50
28704245 637
28575702 804
23673639 508
21885923 190
45208984 652
4052342 402
17751006 828
732182 618
50312990 210
11808807 262
4128921 26
3663399 218
32461057 305
37628115 83
3585097 486
36316378 109
50510480 898
24695744 537
49940916 287
34793024 66
8511974 843
51344825 683
3801740 619
9151869 640
2053075 687
14147315 227
9662770 425
12965619 313
28317560 517
48032015 471
672380 30
1985780 997
37766053 741
29861578 107
17964098 793
51360438 887
7057754 2
51962715 511
11231601 416
29695352 990
22173706 129
52102891 69
39016229 635
5663119 944
19795390 663
47269012 188
37791137 671
27934020 315
15969945 506
45873091 960
1264055 553
4057352 390
50458103 134
19807906 673
42577276 18
14551648 569
47296275 280
40131597 614
40313176 480
5011254 452
25860431 834
53082738 149
21370142 406
10064074 235
45631065 704
38924153 116
7649915 609
11870433 686
40672565 248
4001250 165
43865019 392
37476858 432
16887562 259
20174661 692
19706304 858
29728010 930
28802028 574
13050033 512
9959392 826
6665892 338
25025303 642
38838903 426
13262613 584
42510176 621
31478337 117
23856033 178
35339725 40
5510905 465
52463450 178
35980589 373
2786050 209
25203059 679
20709393 349
23953266 687
17419136 647
47759016 799
20064395 240
22038980 177
52575391 365
14080526 303
39815473 636
51133169 244
859789 729
43115702 729
12198589 465
34298008 604
47202847 117
18557151 806
42472370 160
18693239 546
22961201 287
40437221 261
16067948 923
46753738 349
28340809 13
36314147 145
20085719 760
6777640 277
30535313 995
32689629 791
41855285 76
9319154 199
52805903 589
30168523 578
40905335 636
3387455 89
43752439 444
29220711 426
51453721 973
41178755 351
48875025 781
1072720 200
30154631 949
10131539 725
39407847 120
38491284 312
12706051 800
10242321 243
13236561 193
25372439 888
722683 826
4240620 655
28818392 627
30897824 697
20507295 32
29306199 704
45281703 525
26607729 342
11261893 61
37329445 14
49500157 892
4671206 749
37771661 652
40018427 355
42966736 652
14040492 597
9168683 655
9353010 381
19422463 659
17759210 696
10786675 115
51180334 918
9652729 4
14537492 474
38404670 390
26304599 650
33096423 861
3940581 5
34040315 212
50968505 447
14353725 905
51742423 354
28116365 999
46728297 993
25037756 106
14849869 222
23511529 380
20133061 400
40001929 40
46916999 395
37227225 216
30114236 637
43572043 633
44785149 971
12011041 200
7735523 894
40798320 158
16951944 144
4961002 849
29524944 90
9859374 219
50393574 166
17496810 750
33383995 120
40228715 104
24842450 833
16847881 135
52949832 43
5665398 614
43532119 801
17505581 775
35019026 621
6966861 292
34844201 73
26376572 104
14392109 4
45993405 780
4880109 502
39529244 131
2825733 1
34116864 801
1297062 261
7936091 859
17604664 313
13286880 931
51385571 564
22160469 691
23677649 64
23813929 870
43172930 695
48329241 395
48761337 65
29201752 454
49197004 891
51064254 984
16542753 216
49469535 536
41385594 311
15474816 397
25792329 911
52143637 793
49434930 313
16862723 602
34020724 685
42831358 880
27854850 672
17842905 790
46484218 460
35660012 590
32103722 684
11891327 513
10169792 2
1467045 301
44039843 627
31693002 463
35034235 387
41465447 951
10019495 221
21054387 596
38199250 959
30058725 546
26380017 728
3896983 280
15329717 52
13083900 903
7698389 633
18426390 940
28603443 872
42069757 498
25305255 393
2592156 701
3894696 870
52292946 158
50115513 88
22625654 471
47300330 557
18290436 942
8142097 494
7480051 857
33978282 547
36815156 817
12897251 504
50583756 564
19613970 84
47532668 927
39333386 76
45706345 931
8188054 202
338058 835
24291532 571
41785605 181
10176080 830
47040685 85
22445604 196
19210275 244
23365959 772
21778860 171
42223656 12
50583222 199
30655882 162
23852175 931
16596864 195
16882834 663
15380559 530
4510743 360
34908659 417
50796795 180
9814585 361
31033328 660
6356052 27
51461499 192
50464149 803
13117697 512
14429377 216
36260361 286
52547130 577
46765507 125
1235593 604
42010475 906
3821261 987
16806745 962
14451728 922
26552827 12
19586386 448
26527443 285
45876731 808
9990868 499
50478115 293
39137060 666
50313 54
8733659 728
4553030 162
26765430 565
43293719 607
40554396 780
51301763 155
33229008 404
28224950 23
13008686 724
11487311 426
49955724 411
15758269 979
49145272 202
15414399 722
11322109 480
24196316 111
43888848 288
27072147 678
37205870 220
31311004 418
22452194 380
27084916 232
44378303 897
985579 238
51495074 740
38349424 50
14140982 810
30403063 359
5768472 561
28636897 807
49282574 819
37927275 328
27763070 52
10206494 380
22658402 668
9168316 290
11234344 647
19209325 467
38662287 627
8676984 129
47041242 455
45767026 536
7559455 474
16924957 276
47940775 403
2976035 884
47191906 935
21789922 408
24764932 182
1573561 714
25849817 408
17241317 607
21380267 625
28403220 131
11996402 571
7531149 128
49575531 705
43405522 735
41230566 720
46401788 777
19133841 538
5251764 831
2827479 96
19369338 809
37046582 766
43403489 441
4697381 193
49755854 365
46078366 586
49162861 292
22675680 13
6919490 566
26084244 942
47243676 105
52154249 42
22827826 982
52438595 250
50262550 376
32931449 728
17877588 239
30904200 215
23373583 437
19012832 257
12558174 335
32652743 565
33827484 964
47311171 859
18108234 411
35421938 69
50440547 123
708570 840
8768915 78
30873138 595
44598220 525
34221384 595
42422338 950
6019743 786
8591236 78
38271319 1
15772794 3
3222746 818
2081453 317
21900704 695
23641925 377
51056777 340
34557198 624
9616964 872
36093787 697
45926803 722
48431426 226
47562113 496
29103189 410
33256719 409
3833264 979
33250471 908
21338072 161
24322562 996
53097641 328
4730939 960
27843500 672
32999085 174
14824318 848
30924227 763
36404964 111
44734856 877
8377068 619
25405811 540
229038 225
3852698 975
8663148 550
10502321 212
52921097 34
45110777 647
45625713 194
17466494 418
13228425 799
39580466 718
38983520 385
27172558 136
36418529 206
31810243 364
1595090 24
7428028 254
5765130 24
10270975 943
31388885 542
25257136 600
24920906 936
22213835 722
39149121 912
7720241 523
42182839 763
28610575 846
19999020 932
34824976 616
49297627 781
5304026 25
8821810 226
40162319 563
38227918 317
33630162 882
9289881 932
3325340 613
33357135 157
4391015 763
36822108 542
49009154 850
12339079 583
33138759 660
15786194 326
14397480 973
23304770 308
23183694 161
15367267 440
35010320 278
34736736 117
5540617 991
20555480 450
40176531 938
44240148 44
36056928 779
40272404 114
48690065 730
38717063 756
24039965 790
7762369 433
48293055 212
37502841 716
25329398 863
24729767 190
41387277 789
13761636 145
32582046 578
24885004 948
25496086 294
30752221 284
6668184 537
19011838 97
12336266 636
13076742 567
10933032 128
23826153 708
20756163 881
45807603 518
38280596 773
38343184 764
45503079 836
21087489 349
34781119 874
39310315 864
24879777 316
12232294 880
40446306 828
24443907 821
52095884 25
34409797 346
40236109 754
35306325 362
44106472 97
31712787 237
34499039 622
28669411 563
34482626 495
19616734 74
45274515 209
48387670 172
33045997 786
50533360 339
39981472 351
5062561 173
29331729 380
8209 524
31916578 359
10065230 588
28056548 393
13114647 301
45448991 373
40109425 326
23754243 177
644726 407
2534906 206
4766623 233
18808756 248
12667861 379
8471568 29
15768336 548
9192673 88
6253856 883
35114020 986
34459101 481
14634461 255
2772341 163
39751449 831
30118583 907
23124886 903
3331797 689
43411392 18
26276748 19
43588422 922
45783137 81
32630881 457
37922205 944
17257111 904
6107727 652
6526535 292
22258969 200
2184907 425
48084489 387
18876438 829
11110005 54
7530731 239
46380996 431
40359902 385
42736651 972
4587201 267
4393805 694
7871841 444
2869724 575
37866448 629
11870255 625
6950591 632
24954028 213
14509860 951
16214960 492
45966738 345
46736514 585
1759445 718
21294814 655
30430182 570
13597404 216
7532598 611
14417289 985
47153417 603
32252044 537
41701558 34
10121001 249
8601352 216
21482558 401
35494540 766
46549972 671
34565045 766
27539295 131
1764399 818
17506928 868
46694917 812
46366302 154
44781184 659
4467684 691
20117803 428
37254182 640
27012143 907
35115260 510
4885204 89
51401791 526
25321721 141
31704892 195
18889140 910
46638680 116
18788081 548
11671814 881
6319501 618
6788443 467
35866434 776
45953175 242
31552592 762
4159303 802
42280017 970
3065939 442
47515677 595
52623841 289
16380898 158
22289017 96
38172532 77
37331286 683
48620959 411
45268389 323
35510016 105
42723415 290
36908454 350
30476947 936
38449475 130
37728012 380
15175267 446
35928079 871
30421627 61
5316555 934
33295862 549
34818389 284
38660290 373
27471352 129
40996796 568
22751330 318
17114363 133
46846344 388
6608527 564
4123532 766
38889929 422
4537895 66
16234556 327
25916769 831
10265651 613
11495625 272
3758734 789
46094579 872
45759987 243
43475686 169
36593176 376
12535436 274
32163749 456
12407476 889
47577936 596
3422743 424
9490810 153
5306729 419
21994776 98
35422419 139
26875138 320
2157693 775
18148110 768
13031699 766
17911329 352
52398114 544
41551513 562
29047920 577
32259941 477
42730464 194
175230 43
27893537 695
37591069 253
11736004 226
38671353 150
51815408 936
44005076 831
2995508 686
16519902 501
39532040 170
3027834 282
19887285 986
42359555 29
23660398 705
17548625 716
50557390 965
31654168 91
18099224 112
25883320 421
8334940 561
3186707 421
30733407 112
40951948 51
47113351 696
4873998 356
17155654 310
26747108 602
7511134 44
47526381 903
9769555 990
30296416 941
1829940 770
42735568 77
26121651 196
4878921 823
2675496 238
36796362 178
28087348 860
36733936 33
42522907 536
29361014 627
7606242 287
45563772 635
7168015 997
17182583 471
12802084 112
2017398 192
47631564 610
49592290 408
15573834 51
51208670 559
22322416 863
1439172 297
38583020 497
23192077 467
38825772 798
12697326 530
2034578 725
5513171 717
11124793 472
23727547 525
47906203 868
51452843 508
8630352 800
36881074 718
24096272 718
50140310 965
12929530 476
19550388 35
13295112 358
48054954 705
14719958 603
30094317 749
21211310 574
26471654 900
42894535 494
28286446 979
50597724 698
39487656 525
46792776 886
10588815 938
2538284 108
43378124 577
35019919 827
40933236 197
51781961 996
47745855 457
29397817 342
41644942 187
14892734 831
19897867 343
39967493 727
14966419 463
17739198 987
19204448 287
23450660 743
29699189 39
40899826 717
27365442 182
49423169 47
29691915 95
20642601 988
42048846 737
34418308 641
1430520 767
26707032 865
39508339 331
29510998 287
21202101 53
9534438 172
13891035 283
32221334 541
41531135 256
14927749 497
5649912 926
36192362 912
43775341 784
4557578 182
21469043 991
6787643 646
41595083 799
50053523 22
50827157 891
16232918 688
7349611 165
49782554 265
23023778 365
5279878 650
12986794 913
14908823 107
47781631 768
40198689 301
18380125 667
12950391 704
22129135 850
35607077 16
42347205 421
43662412 612
37877098 968
22498348 532
37855891 147
23878972 819
4331748 112
6563080 562
6657389 781
52987848 41
29255094 354
21610178 243
6902053 488
28121887 733
25323108 971
42407870 871
50373798 566
26799624 915
45989645 441
49056271 425
27754230 712
29989181 514
25334550 114
19694652 777
42754438 167
14047451 495
21358170 336
16684620 630
12164328 156
50210751 124
43701479 449
46980778 423
24109067 983
9580314 546
41674852 113
15681846 226
34245785 971
50324993 72
8003071 197
20233380 257
24797368 413
29308658 249
5911586 588
17602701 127
51077674 92
9368602 983
2764319 669
17414524 715
14175225 199
611343 250
13092559 383
23105549 1
17188948 961
49431428 640
41328997 365
33993205 120
18228394 484
6545154 522
5939005 443
30066545 573
42097130 448
18417321 461
11647387 950
5626187 728
11371595 221
10890408 876
45063743 389
17396633 792
19696716 214
28043124 87
731213 31
47393360 734
37093086 148
8823634 40
16790782 708
33773583 532
3426009 305
804046 990
10049815 613
7178043 31
11441421 916
12487902 419
26131745 704
47890881 660
14302953 763
51950958 425
17288557 613
2785796 718
42134318 266
7097596 817
35222100 531
52692479 774
14797673 266
12000995 424
36012840 180
45250482 117
50927222 748
23990649 895
33515779 274
2392871 60
38549545 839
5229305 612
1880245 851
5911827 566
10034336 972
44304302 57
14047298 735
16850490 996
20956595 482
47907397 826
1106571 585
34613564 787
7817543 521
39527770 539
25003827 953
46638182 820
22661267 27
4796782 777
34031859 630
40630215 867
43551248 357
7305299 575
33531710 619
39920760 763
30521559 21
51639697 758
34448277 110
15354666 353
33180148 743
18247006 117
6355262 451
19590860 958
1524792 685
7617369 688
26315922 685
1497318 585
17195633 204
24240338 200
20378805 423
4802131 61
10414244 956
35375619 951
5386940 312
50597590 469
30224135 261
27632861 516
978798 784
42563765 931
14264103 199
45001768 410
25275849 883
30185891 803
1406632 787
27779005 236
34135062 276
20895569 407
32265444 986
24180780 899
13972940 193
48275417 980
47735908 982
25288865 265
12789568 979
45147897 449
34313630 195
34287917 676
25741395 68
52471239 798
16184355 174
3570078 715
9882771 276
895961 109
13084209 469
9537931 519
45265744 746
15959857 342
3693242 949
23104852 67
4073932 524
31693059 840
19633418 85
2526250 503
33330077 711
34141595 125
48001990 905
36621009 372
8348776 105
41353743 925
6967263 399
53984 703
7227062 773
35205169 657
39233767 386
38273103 519
23514250 124
45948181 113
5674430 856
30042446 345
24137839 171
11112152 717
31696725 597
9099849 856
21208075 169
3104464 156
8869194 834
24817481 433
3986900 100
23539400 419
10703886 846
6803221 205
4610419 490
3896666 99
43919924 184
20294412 100
39164634 640
13730436 813
48224226 170
2780601 263
27026450 924
45999138 271
48748255 140
29972159 314
9156817 288
37668236 948
39471916 992
16189961 711
26944233 311
18363567 290
20046635 184
36534329 34
16866610 861
42347083 850
46677480 609
22051181 521
30429229 133
41835488 80
6920731 68
17545781 961
15981721 266
15159715 598
21066065 655
495329 848
34900404 382
29741523 115
41218608 256
31417359 479
43410006 138
31034976 561
6685190 29
22707775 851
39456002 351
32895601 152
36803274 919
16141714 98
43079750 200
41800553 944
40934743 884
19091636 644
9918520 888
50736402 462
4645219 888
38613104 243
39478035 963
9448313 459
27133168 178
16383798 282
28487877 600
48742824 201
19423932 678
45859974 285
14327625 672
22752326 22
31561585 410
35060199 427
30495083 261
19876677 209
51773382 152
50179218 624
41451293 719
3006968 398
14537815 780
11088860 462
12223211 697
1805175 861
38148318 34
23983781 777
27140835 840
19517521 900
38547783 529
19415108 979
48620388 466
41788643 654
30174914 379
29466716 454
6736231 142
48105300 636
5275333 923
10999706 284
34805498 606
42131710 687
5913174 263
17708430 632
12246656 386
52956957 765
44152526 895
6333686 953
28595062 792
25695570 529
38992271 433
1108547 400
37451404 575
39208233 176
22832067 696
17293997 288
26877489 212
8910539 390
17856169 534
49274481 314
26835592 448
21740132 859
7279263 498
40346049 229
306166 552
38160248 679
17882596 770
41115339 652
48982763 304
44591617 24
4200375 58
41063872 735
16362168 802
18669937 577
20407616 672
49006008 271
21557312 184
50487040 829
41280881 453
39114973 959
49008938 473
27099640 963
42201158 459
5716437 759
25982742 618
11586472 383
28459143 139
16402574 469
2193997 103
33574642 216
1128356 97
26471996 919
8739121 891
26944847 483
41944841 716
30869286 355
16760410 791
856849 48
50170661 618
25887673 610
52346656 149
6578593 595
53056383 671
33771242 625
33379323 577
23344862 231
19754418 776
28917662 583
41251835 378
35736606 623
19648086 900
11100761 400
35832041 649
50780205 332
2765744 209
14685758 649
31072240 500
44223567 309
30174491 286
47746297 595
46592493 586
33554161 678
24704257 184
17058365 774
34670701 12
20018186 439
24160189 966
20006687 566
9738307 641
48698725 669
3370201 334
50342809 815
50303026 883
46758625 110
28055004 574
3017554 744
48798516 520
7928274 653
46950073 426
40436761 756
42996617 506
37205095 650
45010561 408
13516407 605
11344221 683
19015335 982
20997767 950
6708390 411
36618580 561
23904122 778
44970807 483
33588108 80
2738866 535
14638537 871
7347636 386
49225167 846
36632542 384
20431984 214
46092248 169
37315237 440
20162084 410
8735558 167
7686766 343
52077053 777
18546407 536
41289283 433
33770865 149
11636000 77
36496183 426
6265516 879
22014056 966
41718781 191
50236103 434
50957743 544
50350333 311
44028974 375
7242599 35
7459364 173
16242752 523
16628490 339
46945842 386
47661278 995
5684091 792
35682697 271
24586297 65
48410112 388
36872623 297
22299261 917
42501472 440
25243827 531
34009504 382
48504584 15
46226402 687
8862904 763
39915764 853
6440578 861
41235110 42
33935161 148
40909564 998
4713861 624
37642856 522
4086655 156
47794907 74
46409165 985
37307266 777
26055702 904
51168602 181
6999282 953
47815133 292
30298851 922
38609766 220
6515388 663
24507000 281
36604841 412
18967099 900
43846076 188
32465774 958
15849525 190
24700324 302
41748351 512
3971745 606
40457509 384
4267673 112
19665862 943
34489373 670
8180819 295
48632529 565
46492485 955
13895345 306
28013662 752
44880441 297
24710231 686
29152540 799
50748649 678
34146453 586
7105054 999
6633596 255
2123316 991
3143041 877
2261210 441
32446335 962
3238937 292
30234907 941
37686699 912
13870784 3
29085494 859
27714517 627
7002813 293
4412293 989
3592434 92
30060319 434
18633671 774
17396747 800
1447912 198
45819418 99
22337164 970
15392828 227
43332761 36
40821882 656
12753375 766
20736513 456
20440698 232
42209368 756
10263499 210
14483166 162
31217375 289
44170954 497
20135263 759
1934809 335
14902660 199
46542002 12
34530681 235
17794984 736
44610276 352
38936055 240
52769657 82
24601848 632
45644597 467
8328798 835
49563174 341
49664485 898
1400757 736
26683990 917
563756 461
52034414 880
11548236 501
26582216 516
455944 718
40907190 9
10098701 273
15805719 674
39317740 351
23758681 953
10375550 603
16982316 674
8389713 152
48142655 429
45637627 428
14426930 346
4065320 823
45055396 894
734213 825
21363692 492
2761645 934
23486421 758
44728322 482
38818946 176
53024621 170
230878 845
33835515 557
13035787 510
45128434 108
20133423 456
24771152 210
28838653 262
22099843 160
11445045 393
51758250 170
10353900 275
20518391 315
21433761 947
22335317 343
52202750 223
35674003 868
29003528 512
14768843 858
36774884 743
46294909 604
32422965 930
26008512 733
9439820 833
14311253 461
49045099 776
47539055 552
14993254 648
3953403 655
12921021 173
16286094 221
32301016 981
44301915 861
8618654 516
32901274 660
49179546 658
12716965 942
24408015 49
27305348 630
39704874 449
29239379 321
13588433 303
8884452 232
12196987 883
12433805 193
45796215 764
7157554 319
19334428 91
52620671 49
25094625 877
8820348 560
41443290 175
22368143 380
43948880 726
14702589 735
5009840 227
23544283 346
30818985 680
28906790 695
14687787 289
2197811 258
13833918 218
18131681 147
14412135 997
23486977 376
44273034 874
19704167 110
35746168 109
51153641 484
22247782 316
35276241 6
32969692 860
17092649 802
24000777 440
20488243 99
49433515 169
8003992 791
49877197 368
8607071 234
22985376 970
28424679 620
22009540 812
24476153 285
36991909 241
47893293 385
47476887 711
45880795 205
18695076 320
4806686 471
46358867 759
3143683 541
38173668 496
3338242 779
20274007 722
34168619 659
28865059 572
30324194 487
44692267 418
33939366 87
7750602 658
37243155 144
49194596 572
25745692 151
12551787 113
4748119 766
7419934 948
27068139 535
45651215 350
15513137 590
21606879 270
39288085 44
30553786 10
2078215 821
13949088 165
15630562 724
37525465 894
47641546 999
34929180 198
29370095 970
37364121 828
25606767 845
31220099 179
37285177 81
35831774 397
32191716 823
26855969 126
48307722 792
18290265 951
31619092 338
31774543 404
21909652 281
22810671 663
29831085 303
30576272 402
40389899 823
34804994 327
26444298 563
7008272 193
27523119 38
47500347 175
7389277 430
32699135 71
47838035 934
22845878 345
24371565 251
