8989 658994
12960 538
17 662
38147 608
13249 333
30942 832
57280 787
12362 841
37346 110
38758 149
22984 987
52339 170
23480 544
60802 899
30324 454
41271 469
49845 915
33783 718
22286 177
53726 412
13865 209
15781 171
28294 444
9268 358
14308 398
7360 362
50568 732
43720 584
53098 462
38386 493
38571 400
47098 968
24388 221
38022 294
14267 172
13833 21
14519 219
4989 324
49823 954
50492 2
46113 207
52453 746
40424 782
48836 990
33845 454
17211 323
29884 961
47290 282
25062 74
10105 271
59137 534
21908 143
33524 710
54145 625
11925 918
42476 907
29452 403
17974 680
19359 988
10131 730
42478 491
16584 843
29272 313
48043 24
34843 193
26905 321
65803 529
53555 800
46872 828
14914 37
26277 192
58492 718
15466 509
65370 78
18420 210
55852 823
15938 576
47422 947
30930 807
21241 614
35133 306
7559 225
52255 167
20756 66
48489 69
8444 144
49200 939
51024 583
60996 306
18555 446
62554 680
32241 63
35343 219
46574 506
40827 720
26684 135
21154 968
52460 208
30450 821
61651 564
9411 181
65135 43
58372 905
63816 409
17108 556
55645 85
3495 136
22587 316
20080 282
25697 528
52097 627
17464 406
61580 601
36734 71
22878 769
29777 264
16757 286
41636 192
23826 878
49690 713
17758 990
40381 466
21538 860
44636 492
55040 336
27868 116
30897 890
51629 595
50584 582
55699 620
59074 200
55251 756
21824 35
55416 751
52975 449
23823 661
41262 879
11489 659
1551 456
59562 989
45879 161
56713 177
59033 618
29968 209
57488 908
63063 188
63381 860
41306 369
18746 679
25013 218
17048 603
49122 11
28348 122
40364 212
56476 175
3742 10
17199 702
19065 5
63915 906
12297 373
2997 811
1884 564
39509 252
24196 923
10651 692
18754 323
10041 826
52100 328
43422 732
13879 955
40119 598
41871 581
9812 368
36550 322
45464 279
61706 18
47561 223
19173 104
35872 191
7124 630
57766 286
61444 206
22038 419
47934 891
58950 383
19193 45
23977 863
41713 635
46157 549
32883 190
25001 172
12214 877
43630 359
32111 138
44205 290
33180 829
57908 946
34018 936
64464 877
39442 826
16139 431
42186 843
10148 820
46534 922
24185 119
54752 363
60280 345
7612 15
60609 124
52918 168
134 750
43392 794
62428 407
34193 806
15969 697
42949 137
35770 411
2914 228
49355 888
14884 254
40963 286
19145 474
63985 133
56968 844
56940 235
11230 376
5402 592
27291 894
56906 490
55110 503
184 810
21662 389
8249 393
64313 152
31562 824
7920 906
9130 247
35511 921
63650 361
16230 557
27416 203
17601 629
35884 637
11970 63
38259 685
42655 264
19809 448
3638 381
4726 739
65321 651
623 530
22521 526
44208 263
32321 783
1514 20
46343 905
27712 372
14073 571
40512 875
55903 928
64242 284
61905 742
11100 56
25150 267
17242 335
54986 996
29494 317
55232 381
83 908
34873 135
54625 225
65556 305
47940 513
52639 527
6629 636
23742 513
36914 627
17298 685
11893 638
6994 920
15142 190
25785 226
22796 867
48934 803
17647 646
32100 519
53021 927
35749 311
59052 653
28087 620
24086 116
21311 348
45527 642
32759 885
42398 15
19654 754
13295 338
6748 486
53003 581
23400 155
31179 849
48471 132
7990 166
30966 432
23672 869
32457 776
19752 125
19914 489
53790 463
7061 880
19065 478
15670 452
49548 202
59458 235
43757 347
32958 762
4305 204
13791 770
22704 440
51447 396
32922 73
34279 31
23367 434
51963 356
11371 69
5168 177
62465 843
1634 460
41715 466
63270 854
48630 426
64736 518
28992 95
50423 577
49301 679
31857 530
5979 483
30514 394
1828 345
43253 768
37223 889
27286 661
54303 951
30393 630
59755 44
44982 267
10982 485
32000 36
56821 441
45767 622
25757 984
44764 128
64944 886
46815 727
37721 846
61691 235
19702 298
19619 436
23710 959
18089 126
58007 928
2028 261
17020 910
1868 448
44818 670
56760 512
55382 368
41776 44
10424 793
19941 580
41928 398
31148 356
39638 91
760 582
887 652
11424 389
15317 404
37444 257
61145 159
16918 340
42159 541
50104 89
37894 405
7200 686
14805 474
63516 121
42266 512
4246 163
20692 298
53971 478
47939 393
46639 51
57207 268
33260 862
51693 605
62464 108
62800 968
43147 200
57909 137
58436 617
44747 364
2203 202
51184 231
65186 931
12364 826
35560 526
55344 840
34218 431
21392 426
48222 458
19491 814
35971 608
64303 597
9863 796
52300 882
23133 78
43746 362
9162 658
59738 628
5402 897
50589 132
35169 60
5157 106
25736 614
62949 988
48923 42
52860 67
52718 496
11127 881
33192 970
23908 781
60740 969
19201 40
11479 3
5068 565
16110 58
23433 934
6785 696
5685 297
58759 360
52692 209
13291 603
1010 38
9216 320
6779 25
20138 476
41806 39
1378 178
30265 740
8983 526
39130 424
64029 452
50877 536
36994 19
7480 257
47129 900
21989 233
61167 659
3800 438
3404 491
37221 861
57563 246
34599 831
65619 118
48881 472
28809 863
1109 546
30502 293
46890 188
23853 752
47185 59
47275 441
11888 341
65358 32
57842 749
17307 235
15724 314
49046 674
23493 146
1247 657
52031 936
54270 523
65481 916
15189 737
43188 851
4587 219
10942 384
2012 76
29902 333
27890 70
8990 639
59745 927
43994 932
30310 735
60321 945
58209 274
65208 116
31390 648
23259 820
32384 990
41704 206
64856 767
13783 675
46611 11
59063 737
46969 704
63412 990
51337 761
60074 588
54386 781
11991 771
64697 849
62813 709
12773 634
38200 135
15184 284
39942 174
14349 383
42644 29
62763 970
28114 579
56239 962
40579 260
53375 63
42192 892
13537 571
17989 292
22167 451
48496 659
59436 39
11616 642
12397 303
7964 599
3848 988
36330 880
62554 546
1617 242
48678 32
19892 484
20424 753
50481 683
57261 774
52612 828
42928 889
40927 168
37496 407
553 972
20152 313
27849 907
9144 907
57239 218
25610 12
25683 134
39085 350
46024 726
43887 178
1370 495
21181 319
36925 693
47429 94
51520 31
63575 16
6343 40
29067 928
61270 305
61238 134
54802 775
63963 933
21333 205
8428 349
31314 77
1496 713
49768 824
40630 135
34920 475
37401 187
20488 225
15047 952
16690 813
28439 478
57334 642
28968 282
6708 343
9745 1
27528 795
57727 789
47250 738
55166 593
28652 468
3573 746
10940 543
15493 136
50994 465
6631 729
59373 198
26220 167
34737 54
22476 229
38937 633
56799 551
45464 624
23174 3
40978 514
52692 14
30796 735
33573 424
10227 421
39742 86
38364 945
12490 477
39269 445
57399 265
5575 634
27685 175
1562 157
2832 871
34920 601
57302 979
5820 102
8653 706
46503 546
36024 523
49746 375
2605 60
36662 979
57819 54
23862 333
18871 596
702 130
62648 925
26887 447
20100 524
5504 211
19025 736
55192 61
9345 262
21933 472
12321 250
13130 216
32438 437
51480 800
49084 530
52017 773
59889 768
64057 914
33548 19
65772 534
53132 426
21440 622
57854 58
43947 622
43713 546
16662 24
37461 851
20865 713
40666 209
3480 102
39376 859
6469 531
65133 292
31677 756
363 389
13360 111
4546 674
55734 986
32566 91
48305 956
46442 399
57146 191
18809 138
30048 119
26641 931
49198 208
40010 171
28147 43
6116 124
53452 952
43341 29
45103 241
43863 758
14864 233
50485 569
53443 223
59939 485
28844 214
15019 646
53631 281
56453 349
29640 575
46649 233
58876 886
59924 933
50184 243
32297 568
64013 407
38175 347
31506 724
47196 857
46959 890
55716 185
63960 508
63248 847
45977 765
34143 273
7237 242
65099 465
57314 55
33879 220
58289 250
63990 759
61736 655
17937 815
42001 998
24146 51
29780 826
35020 103
58678 511
58116 611
35065 604
11406 694
43258 181
53771 150
1969 624
52845 350
23131 180
36065 431
4032 291
28847 858
24482 674
6045 5
18455 27
56711 610
60545 590
62065 2
22352 379
13159 420
26170 599
34060 886
64542 584
724 292
18833 503
47834 120
51035 771
53898 796
11964 746
13780 645
28844 660
52822 7
57762 789
65276 475
49205 156
33971 778
2341 10
22015 624
52001 454
41736 907
38084 340
39884 822
37155 433
35325 266
65492 511
39152 731
13378 953
33446 522
63561 559
9294 600
15452 348
12986 835
1574 71
57513 523
43481 211
38459 143
40412 209
22081 387
61812 175
16945 990
22509 144
56410 974
56405 296
523 103
50674 471
60306 455
33485 522
60054 502
63411 240
13305 527
49987 490
53446 484
34496 907
11990 584
52878 817
5092 435
16452 703
24380 678
6512 343
35537 271
15361 670
2392 104
48181 979
23719 154
21550 94
63880 912
18370 168
709 684
46201 100
41097 211
23003 636
49109 151
43028 6
8137 130
53791 455
12973 444
31633 131
60038 915
30152 840
16030 962
32521 153
5507 899
58127 680
25530 852
59628 475
48671 749
8023 899
36781 913
60712 134
579 512
32003 616
59411 115
38972 84
17347 814
14748 550
11552 116
36535 762
33986 456
16997 381
35434 49
20310 585
22445 821
3184 937
19502 80
14656 980
15588 603
35373 1
7043 812
46742 416
6633 32
65388 138
1826 984
2706 26
50087 838
33231 735
17810 623
28427 274
59989 123
65706 411
24231 608
43525 754
53549 118
32557 160
14997 723
53694 852
46955 217
49568 497
62116 428
23967 463
36303 545
31161 781
58732 96
62298 855
52458 710
29350 605
6229 770
25605 266
2994 516
19858 926
10304 882
11690 873
50053 802
44082 49
50131 537
16162 869
55897 729
42188 799
33889 617
23507 428
30978 248
7022 993
10428 855
10199 783
43585 813
47756 18
31360 876
3582 835
25510 180
54401 245
21559 232
52962 810
62394 159
1729 940
1142 673
19793 585
62973 468
24652 258
1320 243
10911 360
58814 348
17695 629
29367 8
39594 359
53405 493
38201 946
216 665
14065 135
52172 427
50476 772
43830 689
63010 254
50005 325
18244 41
44848 947
29787 900
18974 145
24380 186
1269 789
44286 40
23120 299
47955 817
61511 415
49635 705
9742 621
40278 687
33300 172
9204 161
61018 622
55225 78
39903 755
50008 92
13675 529
10292 727
28911 1
43755 682
46232 42
21700 601
57180 423
3990 628
3139 767
38935 715
47906 26
165 143
13409 934
54788 235
7262 891
19295 985
20912 477
48912 406
1517 126
42648 727
25250 659
43058 846
11286 309
43086 453
9796 481
15037 569
34896 870
39634 270
46920 388
50698 872
22347 647
62638 65
29306 234
25535 246
55663 152
7640 530
55304 232
57067 832
64873 702
56399 482
62291 705
18149 637
56564 177
45424 265
15264 61
41488 374
31020 735
18186 205
34133 888
51697 753
51738 553
62288 367
16573 688
30963 404
397 536
19981 384
36545 526
10328 485
12803 578
36952 838
61721 504
13511 747
40756 868
54275 738
52352 81
29940 868
58943 353
54276 469
45956 238
23771 259
11186 307
355 909
47479 255
23233 189
30026 383
35363 107
48310 952
41543 939
48666 172
47415 434
4473 683
29408 701
28754 294
40161 938
54096 648
52511 710
61965 804
56501 948
5831 465
9411 207
16283 685
32399 332
54599 280
34509 674
41602 18
38607 66
6720 510
53348 287
12023 245
17278 186
18189 348
26986 750
13867 341
14960 473
33740 79
50115 598
33299 434
38432 459
55974 472
34235 844
11412 591
52052 289
4729 906
51104 764
16984 269
62823 887
50788 117
5373 382
65173 79
45367 608
11885 404
15174 276
37295 522
48108 441
61341 993
58843 915
10475 165
42804 318
61461 531
4774 229
59605 975
33874 456
5679 306
12291 71
2410 407
29922 643
62699 61
4585 676
27899 143
35067 10
28902 361
5378 937
64289 58
10412 196
50329 773
57999 880
58096 773
26179 592
34792 376
53989 614
43627 507
32829 734
62502 651
50008 485
20693 906
25977 113
49759 226
44054 659
25646 974
48736 246
11320 589
24727 604
51432 891
65364 684
8850 13
50119 319
59850 639
17804 19
34049 784
48175 917
39676 832
53271 467
28329 411
17229 349
4605 291
11681 964
1425 99
51354 956
22402 382
17542 368
3200 427
58011 614
51480 414
21109 100
6054 630
63388 27
56575 39
58008 534
179 625
16554 252
20713 273
46418 379
43939 906
31259 234
42370 188
9533 867
65873 850
26760 555
25264 518
41415 200
30394 767
8555 63
58394 752
54569 52
55223 90
49169 252
34114 443
8435 730
47380 353
9640 314
48095 891
62284 588
60992 9
37185 98
31329 82
42351 143
12258 901
58546 4
29593 21
4594 650
22252 819
47203 987
59406 853
53639 61
20523 804
5693 587
2559 878
48466 381
25210 329
47987 269
2323 488
50903 72
54609 724
1930 242
24270 520
12283 944
38581 432
43703 793
53683 391
31584 968
25787 264
24006 236
61756 744
18840 914
15019 400
15566 369
41787 157
59280 804
19379 310
2001 626
52852 602
53007 35
16782 788
28496 578
32563 963
48521 65
36959 650
8994 536
7659 13
54574 475
35576 986
55905 153
25442 49
35935 233
46616 773
56915 3
31531 786
49651 342
47227 223
26091 215
65578 847
11087 564
20792 467
55317 377
52217 743
50089 943
13418 686
20041 846
47570 220
57063 804
497 654
21956 445
6718 781
54110 76
35866 871
5316 132
32811 428
57830 242
23466 390
40307 922
16710 906
12389 926
15911 825
10308 763
27813 594
37248 308
7614 121
22922 429
25902 172
40414 203
64112 845
27286 285
31502 809
12823 80
21881 171
56937 508
55118 548
59106 396
31721 747
24584 707
572 215
35633 480
16514 539
48861 582
245 406
5626 517
3153 501
36327 89
47521 865
20994 902
45972 740
39064 232
60419 577
22368 477
50863 316
50304 317
18776 377
886 721
51054 621
29374 783
32790 490
20993 635
9614 226
25351 151
9464 922
44831 838
61347 744
19286 940
61498 178
18650 321
442 529
20144 810
1268 512
29968 655
46399 345
22472 293
23186 432
7793 788
37589 304
1079 531
12478 136
34081 711
39924 246
7098 204
58998 779
57769 344
52765 9
47711 784
8257 507
25611 267
54115 665
55315 9
61669 165
38658 479
15979 512
24996 307
31539 447
17907 473
44788 97
34755 431
27546 502
42634 845
30028 863
37776 211
40999 245
36860 378
4151 889
60910 270
44776 899
13517 770
39214 977
64248 787
8018 721
43816 469
59448 220
10816 995
55861 497
17775 816
51435 441
18663 787
12925 177
58619 74
25063 357
10712 112
48576 322
40054 607
60735 607
22616 677
44339 739
28604 707
9605 759
60992 776
44481 89
17870 6
9219 675
21968 517
7427 256
45181 187
22536 348
1079 581
62231 848
60160 942
15193 391
29336 808
11507 591
55194 829
20093 165
48728 705
50538 944
32931 708
47696 179
43174 456
49046 623
34536 684
62870 22
15983 36
40777 774
54237 297
11247 131
14328 656
20713 67
44289 858
9725 558
29819 330
15100 882
36711 371
49090 315
28740 728
6091 496
15690 137
46368 551
6694 144
11819 389
47499 452
22700 243
13919 417
47332 990
42870 191
63739 532
16768 234
2576 287
879 635
65545 10
41786 857
39068 779
13518 293
21420 419
8920 58
42910 802
59284 566
32539 165
10008 353
7911 545
30433 534
52702 80
17082 647
1003 314
55884 291
31715 199
8061 674
43327 154
32137 349
55276 156
17944 863
17921 710
7014 89
7781 147
33563 45
28370 966
18894 188
51847 332
62498 674
18789 406
11904 980
40890 575
15994 753
54326 424
5404 886
22601 527
5198 984
59993 490
1643 901
13187 33
60730 624
10445 180
19195 876
23598 978
16191 276
55536 219
26579 204
16875 596
6492 5
24654 364
21811 147
61672 638
21927 841
33998 629
65284 557
42475 131
54947 871
47972 807
44442 144
52874 841
40775 958
48646 824
29840 559
26754 859
26556 539
23178 697
40440 829
63518 536
11515 808
43143 12
52824 7
17721 482
65026 379
10556 371
5832 137
58225 368
35100 129
1849 842
52190 782
41908 327
13077 898
49055 443
23325 123
19700 972
4176 383
4823 668
59050 852
17319 824
19725 926
31950 160
6420 437
22364 33
5543 481
46841 614
40625 85
65548 485
37149 177
10110 334
54156 846
25644 114
22552 216
19206 888
41005 791
35212 69
57331 181
63921 512
35939 976
20192 375
18927 277
13165 355
7802 557
16868 839
58918 288
22183 788
23093 482
51604 926
460 901
15383 116
24514 271
64051 215
55129 930
6486 738
4115 427
9407 170
60669 801
50191 862
32555 503
47596 765
38947 952
22385 916
64442 775
25541 697
7003 264
43441 600
34979 145
52640 716
26107 754
40650 590
57483 980
16931 331
2486 835
22708 536
15356 203
47820 421
57429 975
50670 327
21239 790
60493 429
52844 200
7888 205
53574 903
28928 164
38768 16
65624 252
21697 398
12701 255
50413 308
13113 53
18024 400
12472 472
17863 735
49111 642
2271 737
42403 844
32330 237
16754 595
34611 645
64013 964
36430 970
57644 774
3773 868
29599 113
32904 956
20871 199
59506 112
26716 121
27778 961
1505 100
64221 839
17963 85
53262 256
63699 609
2050 45
31975 381
28548 547
5099 23
47917 884
28463 185
4601 478
49734 476
57045 558
6205 286
8678 905
17281 872
52290 561
35557 618
15293 31
29904 776
3945 825
60517 544
31056 474
38791 603
40843 50
48717 594
33707 856
3806 435
40795 37
19736 303
63675 387
50472 128
9601 502
4588 420
62065 740
58776 15
39100 726
39009 616
21034 714
58138 849
48599 394
1276 348
10351 870
6244 87
47628 729
61174 738
25637 464
24548 90
41517 581
8595 275
58104 827
25618 555
55632 93
58183 690
29222 322
28424 61
43414 498
15091 608
61349 82
35700 568
18943 398
14527 792
45121 929
28160 95
8684 784
45937 524
64498 874
56389 117
15023 952
12191 868
59967 973
39711 150
47536 459
56694 38
57734 110
10256 831
24848 542
54534 98
7953 851
48731 432
5039 930
7943 737
14371 971
46586 387
20106 500
14660 899
17719 428
60171 188
10990 728
30051 653
38698 985
25099 272
58576 587
5829 611
28313 638
1942 903
47178 26
20128 753
22406 569
32084 26
62977 24
29027 102
35135 293
16266 967
7133 242
33485 835
45511 514
46917 22
47887 534
35841 427
35282 754
12553 606
53286 151
51627 53
18669 310
41537 831
1707 551
13333 659
12709 333
37491 444
11772 627
38881 326
48877 350
29556 930
55046 53
32779 517
35615 652
50429 509
50842 503
19618 423
14425 401
21373 17
51769 307
62506 53
44722 607
42269 307
48092 195
64120 386
34183 137
11601 632
9528 648
607 825
55560 588
48631 756
51957 664
60207 3
59397 967
55852 782
27882 212
29678 182
8503 500
13188 117
56925 62
42011 530
39160 640
62999 774
14620 492
33806 45
53233 265
12419 684
43693 535
59570 244
29588 579
37147 528
15065 309
12011 967
62968 764
38525 201
14510 101
61914 838
4071 734
42056 448
42537 358
46643 449
35995 235
26111 148
15016 641
46187 951
27995 909
5202 178
7718 28
32528 47
4866 914
31642 357
2431 339
191 17
33515 466
37656 850
22493 908
12200 873
31961 662
8966 163
17708 88
54666 887
9348 214
39435 388
40744 277
20853 310
7362 514
26295 139
33359 702
31646 89
12819 887
59920 955
54887 535
20779 811
18275 318
10336 696
18369 993
43663 759
933 898
58980 276
34322 612
15149 485
48299 660
17884 929
15612 914
14080 779
52698 237
57959 804
22138 846
49633 267
6690 34
43700 41
53949 909
17242 1000
55800 465
8211 713
21201 296
18582 342
47892 975
63924 202
30013 392
63151 324
1812 867
9397 456
55390 58
30105 182
12449 731
41243 454
35891 622
5467 519
54876 73
2 464
13525 240
19762 197
46888 237
1836 581
1484 423
32487 661
11764 303
60753 137
60818 548
19977 286
58756 660
52486 16
9054 968
20449 916
20873 413
8590 941
9468 942
30000 654
63593 821
15093 923
10208 278
18234 60
39473 529
39427 769
9464 844
9387 63
28759 164
26973 754
5794 207
10560 661
41840 209
35025 54
8292 966
62120 637
65397 104
64595 209
2042 370
11572 472
26952 843
20725 260
46721 836
54789 564
51902 238
14291 950
11951 221
40358 642
37989 617
61138 944
26448 863
37081 6
47468 180
17482 591
39147 739
21610 881
38537 62
21296 522
52728 71
64698 998
41136 464
25215 890
11491 288
9360 161
24566 600
848 9
63980 155
58827 60
8636 802
10483 144
59165 912
22981 623
50668 858
39105 652
4511 471
29154 798
21877 167
10015 946
26586 78
13711 880
59425 953
19518 319
25396 56
12278 454
22108 220
40622 670
63360 919
10052 1
3282 421
10238 575
55908 762
15398 8
25593 689
23639 929
22855 65
47463 436
62000 598
49422 521
31269 150
59195 64
63521 555
39786 196
32134 318
40694 871
50949 282
48530 449
3812 743
18033 385
13898 893
30817 155
27564 332
29852 539
31780 913
31048 297
31977 103
39376 348
35265 829
61156 307
24528 189
33059 479
36158 490
42295 255
52436 725
46464 394
57139 340
21455 149
25285 704
9927 404
54189 662
22966 694
26710 578
28028 40
58622 725
29951 137
49134 75
3306 222
60331 637
6632 431
40612 139
183 975
40104 571
8975 367
37355 916
13774 608
61321 578
62713 683
12289 220
29479 671
3023 114
24618 135
711 85
43070 195
25544 209
27017 391
46767 995
8131 518
33602 476
61280 107
50093 726
32975 738
22139 358
48351 190
15655 789
41622 245
65217 912
46923 997
59443 30
33187 210
39661 467
61283 776
21618 134
6062 745
59980 542
27667 58
50647 59
60421 823
49998 546
62272 686
2072 7
977 426
50773 629
26509 699
45513 293
61188 653
5533 507
4258 596
62549 242
54888 63
38491 277
4837 597
30291 401
48251 766
32451 913
63738 560
50838 515
34445 580
62999 870
56733 444
18839 578
2638 758
642 262
56107 781
57366 817
12125 279
33603 497
49029 77
51805 726
20828 485
62193 513
8852 515
33193 102
32322 528
44729 167
14147 516
2752 450
29087 487
45308 511
63045 282
63382 403
6513 22
16084 916
57619 927
40004 302
40504 960
6428 37
52576 653
27673 924
55968 623
36446 126
57107 369
26834 709
55953 72
9625 65
407 678
56757 389
39840 101
38801 721
13786 323
35390 410
46306 561
39853 643
41834 505
14330 356
23830 592
31457 133
418 479
14806 476
28095 415
16101 342
57794 833
41882 312
12561 494
5621 831
48584 350
64928 607
16983 61
36850 209
28616 720
533 980
57966 775
56617 192
12663 147
7107 579
6359 729
18758 855
14922 911
14141 543
51356 621
55529 316
32479 599
55860 835
36901 69
29268 563
49375 232
61777 861
8760 538
18748 922
15739 834
58926 576
11979 100
65739 897
4679 171
39664 237
3816 88
53306 381
54534 440
44009 40
13394 1000
61433 425
5444 510
29540 664
63924 955
42954 271
45292 803
4184 103
14058 924
29720 505
15763 355
30561 493
64642 712
49182 910
28857 266
35617 623
47251 514
3607 324
65254 600
9253 527
2970 305
62888 391
29684 746
8216 332
24515 966
4018 157
14248 606
50894 420
41684 124
52975 314
36321 592
23494 978
29135 131
58440 310
55134 19
5308 375
15557 799
29072 684
23674 993
44803 799
43623 909
30692 583
13349 558
33164 286
13002 730
26720 24
61819 14
13106 812
31328 746
13517 200
28957 288
51630 596
47798 686
27543 323
59028 512
58978 888
22552 334
666 929
51195 923
20265 565
2409 958
13368 928
55846 863
65272 241
4957 416
44256 655
724 350
64114 48
52951 893
44308 240
53350 263
1833 365
59322 784
2205 575
57983 990
58032 542
53675 616
33409 114
47671 270
20033 552
26363 191
52549 876
19129 965
25197 687
12325 940
52042 37
62138 756
50268 916
11649 876
14041 927
15449 348
39635 196
65170 743
3417 871
56235 363
40950 197
13902 14
5856 72
38124 916
28166 956
48863 831
57135 205
31746 330
21160 21
56319 997
38879 381
7047 287
54277 522
45880 449
54828 175
24702 617
39123 59
46345 454
19897 382
16057 713
2557 38
24145 294
38819 647
22752 44
5514 1000
1099 151
23265 711
9501 763
38406 59
21843 356
34293 262
33783 571
39406 962
56749 626
57390 419
611 476
19738 558
41854 860
44321 970
33679 824
43912 850
3351 183
5484 517
21676 188
4027 84
3568 862
35977 250
32346 364
49137 416
37864 480
33211 234
4951 805
60678 63
50770 576
41802 861
10770 351
10331 468
55483 95
57863 863
61122 891
34169 210
837 795
21036 820
15769 80
11113 543
44305 431
45257 681
55914 21
51608 864
30052 453
9130 640
39904 286
50023 155
37810 280
15246 419
41896 447
41933 768
2444 772
6173 285
40335 950
25100 400
41766 907
31298 908
60417 351
36128 911
39399 995
37654 82
52640 861
24428 238
56558 770
21053 726
25312 996
1649 820
52564 746
23714 931
17844 397
47529 597
38757 957
63995 312
57855 160
44103 742
27277 710
32620 817
27414 518
10407 615
18896 69
6787 425
62742 58
60756 531
6035 772
49493 613
39782 579
14471 947
19592 571
39012 200
31206 845
35907 205
61634 572
51174 442
10071 108
21440 529
59778 15
7697 469
40926 150
19719 79
29169 545
41796 564
42016 338
55202 655
54038 941
33901 83
6344 628
23097 116
29567 122
58544 187
4064 408
37525 580
50515 300
2648 686
9801 885
31929 657
55945 18
47855 993
39049 458
32802 410
49068 812
51665 445
27324 999
64475 174
55946 380
9687 513
58265 824
3673 253
39387 450
46311 486
12516 907
48329 129
59356 682
43963 786
60309 638
33442 471
13249 859
60623 20
34573 46
56978 414
36480 759
53457 435
60147 182
63441 590
47708 531
59767 734
47150 599
27506 800
30284 182
31550 127
13300 220
45047 467
24424 361
33936 358
12117 531
10123 616
33127 417
48476 611
25459 465
20024 775
19096 4
10728 503
35120 804
3701 361
22926 554
2758 59
26490 190
45575 488
14499 73
23594 110
49592 123
29095 594
64353 689
51072 800
58992 401
18058 702
25486 342
18886 526
12626 665
55065 69
31312 100
36894 99
53410 220
56484 51
13804 695
41618 516
31852 800
10130 465
64325 331
24459 214
11619 114
4746 1
29710 152
62362 966
26111 50
49092 452
49019 295
5077 565
37568 407
48505 513
51667 996
25381 317
45521 663
37187 533
19047 559
15878 376
6547 630
16431 189
44642 78
50795 425
1754 398
26192 793
60837 407
32071 661
5192 864
44997 699
23014 272
20907 239
12294 369
62825 451
34282 112
48149 352
60758 415
16854 297
19367 845
64244 803
15144 198
10614 978
8957 801
43828 801
21237 13
14282 976
23100 319
51168 612
6962 454
22608 873
14757 699
58148 180
5265 710
38064 521
37756 121
27635 30
32167 487
50545 485
37552 614
7468 731
29513 832
23269 914
27084 491
57376 561
64029 19
28439 218
4192 374
9247 236
53275 424
47512 487
29624 980
16406 535
20774 179
34963 815
17695 474
39523 780
34879 866
34848 872
17037 964
26098 727
45919 160
28544 389
19895 895
29621 283
62451 407
40440 926
60058 470
34261 250
13958 237
1423 916
26017 637
25899 402
18921 591
30142 763
29571 96
42269 619
9016 447
9280 132
34478 277
17460 59
13329 280
59219 420
51470 768
2983 527
46962 565
34734 365
40435 205
65731 925
52206 407
35462 227
42535 731
40695 326
52448 512
52296 778
63514 600
17004 899
7845 317
19365 78
27783 115
3494 300
34145 28
7343 956
53400 176
29696 511
13265 334
48220 228
3442 586
29515 700
15614 19
26886 345
19167 320
18612 647
3989 725
35176 484
25485 636
16707 556
44172 495
39729 775
6865 752
12144 933
58033 215
17157 594
56023 71
8150 620
64747 946
21552 147
52763 95
61343 959
24314 365
60606 736
13034 49
45889 107
65086 709
18838 428
27016 870
18159 887
41606 256
47422 644
64 780
24242 927
18180 277
48842 137
57693 703
14000 714
25168 761
30298 884
44229 519
20985 850
61893 663
40162 616
18199 202
19330 750
25504 972
58431 209
23704 152
28820 221
14142 31
37965 749
13807 716
32630 163
39906 522
19070 945
19169 564
62889 840
7189 163
38132 455
57802 524
35172 542
58975 132
41765 645
56120 604
21723 9
16459 205
34404 852
23407 491
65854 533
49511 445
4844 475
63440 915
4475 690
6623 874
46848 280
43011 779
45620 490
44463 381
38435 247
57678 631
41020 497
48195 823
45382 447
19213 115
37056 773
52751 927
12214 998
49740 896
35893 252
23668 991
55386 450
45963 906
49236 578
33071 518
32494 822
26130 359
18948 94
36654 985
11031 95
30427 701
4074 346
36874 494
44573 716
51989 483
31002 665
52025 210
1660 34
30697 492
23989 976
45309 769
19499 783
34108 889
29023 175
59942 836
34870 749
54402 855
15241 724
28868 930
59748 956
55648 275
47877 942
30770 323
47841 312
19993 604
41484 969
9112 225
16701 60
35827 199
35210 408
29672 150
6545 765
15165 916
4434 436
45052 237
60095 273
27113 128
42464 419
32817 127
52186 969
57181 56
14247 201
49085 877
23283 458
36560 51
31481 503
54016 268
14411 471
6364 612
26633 709
56997 348
752 575
27968 224
17790 643
65149 416
36154 172
51326 671
33298 157
36914 503
4808 910
26933 636
38438 900
28332 713
14234 213
62224 239
409 658
26636 164
56064 164
43440 527
59075 403
43873 780
2557 929
19131 44
64175 699
62986 116
18618 931
15636 536
56673 34
44898 165
51598 159
16854 519
23765 353
63354 687
17175 341
30887 535
47834 347
65181 321
37298 403
20926 711
34064 402
46860 534
46464 947
60665 580
24392 30
27685 478
38166 531
8571 45
1086 968
13232 733
37236 529
25146 126
56614 482
32668 515
13736 114
8057 636
39221 798
48880 936
6014 153
28572 474
36952 408
852 173
14678 479
3709 438
38386 510
8361 526
46081 426
63687 684
5534 515
4789 231
28208 559
16223 444
4039 215
39990 539
30974 437
63739 7
56782 787
45987 870
40826 851
62954 879
27029 355
27397 107
55805 711
14045 195
45831 816
3724 899
58251 547
42120 402
47496 808
2848 666
29882 669
15407 537
53413 613
19699 744
11623 743
55069 695
27925 104
48147 538
20192 561
54690 775
35525 839
27239 895
63753 911
17621 827
62747 898
64297 902
12953 233
55512 509
46957 874
31266 407
28077 420
50824 463
55109 599
13620 959
43152 793
9953 869
9765 536
21633 689
49330 805
22252 34
60055 108
53054 702
6454 353
61879 414
36060 829
41156 2
20743 563
24000 544
18812 580
64543 796
40750 570
52572 394
21748 562
48394 853
41361 812
41722 965
29095 441
51352 16
37553 735
33789 689
1457 734
26608 64
51360 124
20037 752
20937 97
21484 397
25087 753
16163 558
557 336
32927 439
29074 167
61472 193
24855 766
16996 347
37509 605
55546 251
46002 158
9073 102
21320 814
41163 285
41659 488
39775 591
39324 215
47205 112
46113 203
65387 834
1592 3
42770 360
19070 952
63507 850
55844 859
23548 562
18447 434
55505 372
46185 547
63147 406
42554 383
50796 763
2119 722
54809 148
42161 270
57448 28
59274 191
31186 768
37679 849
56993 794
28909 470
61956 578
38733 6
47447 407
44878 40
42516 320
6535 270
1672 82
29922 546
38616 2
62598 528
48791 400
665 147
27081 196
4758 293
60410 208
24003 658
50162 279
20430 564
18044 924
31656 450
7225 100
46555 925
25502 173
4366 746
64175 195
53971 870
34469 41
48462 743
33045 309
16889 272
36314 523
6419 161
18712 99
40328 56
56152 909
27275 928
2967 801
36144 978
20265 388
41458 424
47944 179
14101 55
56548 836
10699 322
44937 127
37089 26
41744 290
6476 950
38966 92
1037 43
35968 764
17152 382
45686 973
53759 92
17468 177
55427 358
61620 143
61554 16
50088 940
21314 904
56054 267
49247 751
5745 388
56819 611
45353 278
432 360
57738 322
10526 787
35667 161
686 192
9326 9
6965 437
8581 265
32124 420
61469 897
9454 166
48872 789
44643 31
35635 543
31780 857
626 726
52225 811
10687 284
2773 356
41007 719
5516 209
31054 780
33769 361
35335 118
24760 301
3447 799
37554 757
26651 886
20046 548
7498 121
52319 799
13950 353
44523 748
38681 841
19374 417
62830 741
61946 33
37211 16
38621 392
25704 897
23915 941
14884 21
38456 736
40741 104
41328 131
37192 147
50803 580
11559 633
851 667
43056 652
419 706
1290 490
11061 893
9619 526
27967 940
7459 65
11333 760
37994 672
16276 719
9621 162
42738 716
15136 920
46171 590
8139 152
40981 307
12008 263
23803 561
65450 74
15408 865
15456 20
47607 188
65707 206
43785 149
58269 916
15553 899
32048 170
50380 788
15367 332
39990 795
4309 964
35114 592
19268 51
3785 932
45032 38
46988 826
25649 564
33195 283
65563 284
31448 817
50673 709
34778 608
20416 681
20029 403
46832 833
34515 325
53357 52
37260 985
7612 924
56877 60
37780 239
63503 996
40272 159
42305 218
25153 118
21409 804
21616 589
15325 789
29153 256
13342 159
38675 712
26915 143
7341 541
37313 122
29065 829
44591 944
42143 451
1262 558
12893 337
40735 829
28638 265
44983 52
56646 854
12318 644
30704 988
62080 561
6036 853
41058 91
17636 746
6203 147
26493 62
20744 422
32487 572
28483 526
62139 414
62086 170
29927 507
12942 957
40748 183
10773 628
34392 784
602 964
61043 230
36890 270
34879 559
25329 232
1442 708
42396 256
3387 275
38883 414
45197 621
11762 96
11344 125
52658 542
4334 38
29268 628
27183 39
33612 262
43838 971
53739 427
54621 587
27585 303
31149 253
10651 75
59406 230
29044 661
55117 214
28793 233
24685 760
48597 930
21098 248
25780 210
50086 687
44516 814
46907 514
55590 703
11716 489
15314 693
19084 918
61257 428
2548 489
36240 209
300 281
25292 590
5180 197
42918 721
5533 58
51971 603
4325 589
29769 175
13598 530
1281 457
43334 418
52079 206
61461 649
32329 557
6459 349
17785 271
27088 643
8692 845
13307 820
47677 260
62087 916
59001 239
29328 433
33408 138
19090 503
45813 577
4746 474
35960 806
18760 385
23139 160
48105 946
62543 490
4848 344
56418 297
30867 913
10329 137
53172 339
29248 609
13659 897
59844 378
61873 457
41319 942
30013 803
13263 562
17253 412
54458 629
13220 59
46191 608
18611 582
6580 521
32841 73
42082 421
39654 465
40213 222
48660 647
41687 466
24706 32
17272 695
50164 544
18865 259
16414 57
10233 201
25534 392
60488 986
46525 144
32290 75
12659 504
26640 201
39100 367
53629 630
46016 241
39862 374
49917 99
34897 35
27950 534
56077 430
54383 708
49959 546
16817 876
42224 245
3032 220
26092 195
14556 756
19808 742
40693 265
56492 130
37237 508
14576 269
12775 102
38801 465
11333 589
31046 175
40720 202
39098 735
44966 602
19748 871
34055 333
56121 797
32569 611
24756 651
10408 167
20697 598
64448 287
44673 728
32774 770
57454 465
50665 911
57 599
55418 424
27948 936
9376 495
47768 281
42634 286
44922 294
58001 709
53280 447
60577 990
3630 159
28663 645
16136 119
6824 969
33367 899
24803 927
20229 498
4916 148
30264 198
45628 108
44050 1
56687 531
10904 39
65692 302
3533 83
39199 865
27441 130
20847 898
18318 384
65260 388
34036 443
34797 977
22733 808
28025 581
46266 375
18724 95
19892 24
4722 185
53583 504
2754 662
25441 892
14446 2
27484 862
60391 592
4549 224
6420 637
27760 342
10927 435
39098 534
21426 472
61309 812
20410 527
33662 331
1905 25
58895 575
40223 664
63701 211
41094 162
48916 894
43909 942
45770 442
26981 464
37512 508
49646 645
7669 696
64245 220
63596 683
52054 88
18112 494
61914 418
41538 552
10044 453
58898 632
56785 601
63781 994
40167 847
63496 139
14452 214
23732 413
52911 191
30280 749
48309 875
48108 442
13762 858
44404 341
50503 830
23953 374
27319 720
4466 589
25694 970
17210 87
24791 238
6049 916
20388 760
14766 526
3100 696
42249 342
864 326
32877 488
32379 924
6580 143
15039 3
18451 526
9011 14
1227 485
18638 830
2064 870
16014 272
23068 594
55649 449
10820 837
57958 557
52076 4
48727 656
22041 422
13771 401
63565 842
38809 956
26201 437
13204 727
6159 331
16954 124
11069 350
50428 984
41317 498
56874 464
11470 300
62926 941
28820 75
37862 694
43446 661
49240 602
42206 858
60722 626
15511 422
47466 933
55681 544
60720 861
37576 288
17203 726
39282 548
65043 659
639 847
4918 774
4713 623
22627 683
13231 7
11376 731
53700 462
42479 959
9410 125
45549 597
31528 871
11840 450
42044 735
21709 328
63774 904
46672 222
50003 874
57106 10
47105 846
49112 357
37346 712
22908 15
19065 496
47854 207
10496 121
51886 520
8376 974
12128 679
32285 502
54100 797
32883 250
28417 691
31270 621
32692 406
23558 811
38100 417
65854 632
11163 141
24778 565
34566 140
43828 4
3039 879
53050 739
12623 639
29159 752
7419 902
2520 546
11926 772
65252 95
5101 114
43980 462
20939 166
56501 461
43985 3
40940 429
45752 742
3603 794
48270 324
43513 346
47976 120
51488 878
4548 640
19632 981
14459 255
4504 332
20575 129
47746 273
47225 16
17607 93
41441 514
43786 494
55414 385
43054 201
40505 546
9499 638
63437 486
65350 18
35808 828
26866 791
14532 917
2061 513
18047 987
11883 280
65514 820
51042 183
39281 327
12201 721
56772 658
58247 270
26409 859
5633 868
46891 135
35190 63
6446 10
13107 922
13951 57
14695 421
32420 94
49823 359
23474 688
30481 719
29760 70
22021 846
39787 804
50102 762
20224 895
2726 592
20614 322
26058 435
4939 54
5856 949
30859 242
219 230
31504 545
4797 143
58720 343
13019 865
8223 963
21983 401
58053 967
6743 612
10943 128
48868 510
53195 397
23628 769
26769 245
697 345
40082 881
26199 949
36213 841
43801 240
5088 368
37347 171
51583 423
29434 137
24769 854
50118 77
6444 823
14273 532
59519 193
11986 942
54462 356
12289 535
14488 133
62993 36
20342 602
60140 645
37174 251
33838 176
22682 242
18762 114
19506 900
5136 624
20903 4
49024 282
32917 238
41248 307
60942 464
56195 968
30185 936
40116 206
7400 240
12650 151
60050 671
43949 782
36298 375
60748 331
34435 511
19360 170
10403 11
28140 972
11545 667
12511 344
7879 331
21494 210
1232 457
21671 427
10769 844
14755 630
43016 788
42977 949
43298 825
29245 206
61894 610
20704 740
32655 793
19326 551
37204 72
41194 333
1762 230
20720 421
43753 834
44362 978
21572 279
6799 975
4839 78
52407 898
32338 374
8430 659
49490 895
8821 751
34755 632
50629 312
43644 508
16821 87
47807 392
54617 562
56296 299
20747 104
31031 995
13516 804
5884 204
30180 921
56139 910
7463 723
51367 26
24649 726
36603 824
19584 212
52929 381
52717 432
39573 592
12779 707
55342 919
8903 773
59738 524
35727 618
22256 672
8862 178
44204 667
12172 84
3083 28
38576 564
55313 561
39065 403
55737 577
49492 884
50354 619
52248 28
60196 108
58667 251
6763 345
15453 215
50499 986
1476 910
49179 704
47586 344
19256 776
14719 509
1339 96
53863 597
27140 120
1653 472
24184 338
7100 434
12561 321
60361 436
15619 930
11558 905
54687 756
5905 39
32941 308
55241 452
31968 490
21468 364
45827 137
49889 332
3447 772
58048 278
55496 938
63431 608
44088 354
24506 409
62268 371
32466 432
59022 468
6559 255
43749 213
18286 617
9202 228
40366 859
15865 367
5439 330
54439 80
34159 363
10048 901
37890 791
61093 147
59616 752
24972 426
26336 891
12584 732
33589 917
39493 771
42252 524
19761 234
21082 728
10823 189
32129 610
10275 631
60315 717
63971 959
45582 290
51786 404
15526 173
36771 441
50912 904
16668 956
53861 671
10286 291
10839 442
16869 258
48355 127
45437 908
58815 626
58667 470
58089 777
14437 586
23071 949
52387 204
44223 577
35036 624
50043 941
4391 902
15643 133
60938 82
3977 922
60248 654
49600 315
64163 529
59443 49
26923 431
12696 383
57825 346
41065 696
44539 156
12937 18
3763 416
48028 961
15713 578
8893 375
25426 641
48154 961
34741 71
11702 867
21896 85
38203 80
59652 28
29837 940
11919 829
58305 228
45100 141
12878 383
54240 106
21308 604
50245 937
36134 526
15722 362
59918 116
44914 28
29180 577
51389 909
27210 541
31866 783
7270 18
1465 115
18533 705
17960 495
65896 365
31638 263
44196 506
21467 501
31321 104
13368 899
18199 959
40005 311
44821 755
49898 55
59560 729
17920 786
19663 623
5026 994
19022 603
6473 748
43664 182
29030 42
16808 514
51309 933
4734 666
41641 946
46779 85
43231 651
48489 480
35295 182
61328 179
54716 70
5728 916
41109 882
26553 285
41391 341
50028 488
15700 121
57469 463
55269 110
42317 967
28698 210
40146 40
65485 592
32950 714
31663 376
11144 520
6037 448
43700 548
33072 479
28356 730
4212 258
30716 666
60017 346
14137 811
41285 432
105 393
39362 462
23274 505
42459 318
51397 817
12358 361
44042 149
40713 456
9260 596
65112 916
65463 205
1862 232
12870 693
60069 966
49310 748
58956 544
29045 150
1931 647
10376 727
12072 978
10532 122
52652 420
17323 399
56468 961
13258 274
8861 472
26331 877
53248 42
5198 924
61854 193
63744 812
9768 337
65766 262
50353 50
34402 367
54230 709
35236 973
41010 427
3655 761
33654 586
48074 767
1495 552
17365 31
64932 429
46172 256
13167 500
32222 687
52251 529
1461 709
40938 370
42532 732
9114 494
23398 790
3581 497
33589 699
54206 390
53757 136
19448 816
56775 9
2446 212
3493 183
62678 859
35994 452
8705 135
44512 536
23009 931
60551 780
43822 816
13742 106
54592 464
62656 814
13543 404
30147 430
60389 476
15639 942
43402 627
26997 429
8162 865
15224 550
46475 113
32985 285
61328 75
27319 902
21041 317
61583 587
1951 156
59106 8
22802 281
62693 315
20708 454
13668 173
23862 846
58256 143
29612 116
43052 824
60293 347
33124 922
41888 674
40969 552
30232 536
59900 395
44253 12
61093 400
28428 583
30717 708
5890 777
27807 420
63499 578
63414 764
64460 317
8816 563
6138 440
25497 495
56963 567
64480 752
23931 148
59089 939
26464 781
13496 730
52932 514
30484 320
48384 531
65444 887
64867 712
2949 536
44352 830
18005 79
24198 341
26720 684
20476 119
13218 836
22481 48
11643 423
8899 269
37456 28
34575 364
31209 345
51935 364
9638 430
20916 839
27841 340
4497 926
42262 428
12623 182
23430 217
65382 451
25053 805
14623 434
44333 179
47978 11
58435 963
11223 591
57705 257
5398 437
40065 788
20209 274
21909 197
39013 794
61148 147
30549 907
19868 285
56299 956
32387 994
5319 811
20920 638
1564 594
39305 851
31631 210
61138 796
26670 947
38764 1000
38480 409
41654 182
51048 282
6211 587
54890 169
18512 164
1265 96
17373 540
64503 414
48787 145
62792 675
18140 910
17302 817
16605 728
26853 194
56275 258
2316 159
65108 309
4563 3
32041 886
45003 971
61991 561
23235 413
19460 810
42652 507
20367 166
22508 756
36574 742
2688 94
4470 26
1433 434
34877 247
58205 270
20039 548
41618 220
35571 149
18259 709
7926 642
56396 253
23219 304
41901 304
28671 996
33986 669
19675 288
4579 710
58641 762
22554 411
20619 908
65291 683
42300 723
41821 737
28714 93
17009 479
29474 84
22275 566
38885 767
53089 165
50099 344
42896 663
30205 821
40852 503
53413 231
31768 262
55510 949
18091 564
39768 503
59184 791
2256 792
25706 72
22922 597
63931 131
9495 530
56383 29
17855 451
60124 744
14966 242
28416 104
5760 22
45793 411
62154 10
50289 637
26932 73
8061 75
15507 449
40655 107
15958 913
22851 895
43465 746
11081 274
7135 569
38550 722
6699 712
19600 564
38876 187
16201 562
41920 244
46509 119
54700 243
22694 763
14302 805
54442 820
4780 956
26645 193
45955 289
24498 638
30441 230
20176 967
28370 177
37811 90
54708 491
22986 805
51757 347
634 57
35517 650
43449 607
26373 829
22204 561
64951 511
1932 180
58739 297
34324 426
14110 54
47502 639
27455 539
34591 377
46212 296
61903 362
25202 741
39289 903
19837 721
38159 390
9706 694
27396 816
1134 565
55389 640
54305 737
60516 475
15958 596
48250 530
35859 303
37594 298
50530 26
29853 944
17238 388
12826 490
30534 634
35775 827
20923 597
49198 933
28318 326
41441 510
62424 496
14938 438
57639 24
27772 472
6506 314
60142 333
41487 92
15613 352
45861 413
53577 34
55587 187
20092 401
8231 554
1050 474
44035 696
39646 817
16567 612
4591 286
2608 518
35607 583
25951 708
41228 227
10875 742
16521 636
10772 966
46146 578
13217 192
24468 277
42521 988
3692 8
23084 22
49171 131
43574 6
52126 453
22383 771
57012 380
50253 695
13194 588
53092 592
59486 317
16219 315
50057 434
14672 831
19433 482
6546 738
32544 418
14416 368
41884 681
60399 527
2246 655
51105 131
49638 294
60200 411
51835 41
57299 160
40821 485
49472 69
20879 816
41493 188
44803 299
35594 735
51628 233
37179 517
50482 610
19363 460
33000 31
51661 675
48243 410
30729 310
17696 996
22107 426
23600 434
23253 239
52116 614
9799 309
3204 880
9201 55
60487 806
11219 323
19726 243
13929 884
33811 353
33294 835
8579 460
12010 392
28169 161
60027 693
7893 730
47785 548
37420 359
30166 266
30920 460
24021 365
3238 456
58108 17
25465 358
14191 903
56979 489
42509 399
59508 979
39623 511
50930 468
64822 415
18796 426
36126 15
18943 344
48555 573
17126 632
30579 871
29257 687
25256 432
18941 51
31911 526
20558 341
431 712
58600 149
9821 97
43395 41
13439 460
57707 897
13709 824
9169 879
21023 248
33252 446
25713 97
57730 5
31767 360
11962 496
53869 12
11383 687
18835 439
2767 138
52524 482
7230 956
17384 932
52234 799
38432 408
62590 618
44327 61
9540 171
33401 350
42309 155
42474 467
27530 388
12307 280
1780 275
39087 620
65021 662
17070 316
51261 948
12351 286
14064 371
61760 114
47100 563
5104 348
49395 272
46956 993
8885 524
13599 310
35827 102
52719 215
63545 727
41907 564
19797 459
25369 711
41209 118
61273 357
35020 95
63298 290
7592 192
32826 562
58374 591
11226 109
46039 570
23968 607
21046 237
60434 750
26112 207
44732 50
23115 119
14360 914
16171 352
8524 696
49325 294
63555 524
29389 296
32270 474
50474 705
35892 387
6953 51
48773 934
18466 46
27765 48
34084 905
16952 908
30969 862
7496 311
25240 961
53576 162
22490 236
45777 198
33398 398
42551 258
13004 811
13 925
5093 787
12924 980
19548 350
23175 343
23108 502
3050 645
21246 86
3444 212
51262 722
56380 319
22352 968
30025 28
37974 195
815 510
60679 245
21063 454
10635 495
61399 514
52260 828
12204 107
14491 500
5371 993
6897 865
197 764
31532 925
33389 309
28376 779
41523 188
20817 203
42226 794
60735 352
44324 792
11279 179
20057 43
22822 803
60230 179
32347 863
54536 955
60771 977
35769 512
30652 904
1195 763
52847 963
10304 776
13135 342
15512 528
59214 808
65697 44
9453 324
54620 305
50506 722
16443 302
57736 629
26679 954
16320 982
15021 123
41822 95
22565 895
2760 769
9917 572
51496 502
42840 351
40747 868
34552 942
13983 241
14591 857
19720 791
40294 228
60131 858
39176 51
9174 6
15459 159
41470 305
21862 32
59842 536
585 369
62181 549
26651 217
23656 324
25925 653
65204 266
25178 784
64964 78
1668 30
57919 55
6715 809
53301 718
31013 584
39771 137
27983 912
19098 965
35274 83
58741 751
62838 406
56060 530
23361 952
5143 468
10372 62
43760 896
49790 74
22240 756
10075 148
7799 725
1740 259
7455 185
17565 644
57643 878
37559 421
34455 993
60070 340
12076 114
50606 932
41867 362
63958 129
40335 908
6289 779
49261 424
27371 606
62601 806
32441 544
16382 304
63403 140
47450 735
10541 180
43857 403
39949 370
29022 342
10081 609
15942 915
41535 591
24982 76
32657 70
63819 256
38694 863
29324 543
27446 218
59132 887
34700 576
34172 392
40779 454
14902 106
36769 809
5080 878
38735 80
21310 32
52045 438
22902 61
43441 965
1971 385
17865 819
4885 570
36565 533
36087 985
62491 136
6550 145
38533 367
50906 692
40419 187
17484 454
50747 766
17711 938
3968 250
44081 338
57597 888
45769 447
8124 621
12314 334
44103 598
61617 813
5775 256
41773 635
12517 610
53959 624
32151 229
40395 99
34844 442
48282 761
17629 814
19783 306
27827 300
12955 251
89 123
19991 680
63546 689
16968 843
22039 909
10509 409
61415 423
36431 942
41671 346
39597 806
19033 190
23666 262
14159 112
28882 284
52777 239
48822 631
19391 589
51679 879
21725 829
58599 505
18991 320
37419 631
49919 284
18064 539
25044 104
14378 443
61057 281
23919 848
65277 850
9052 556
24649 675
42516 488
27253 829
183 309
21919 728
25228 432
59235 39
52675 28
60235 614
34187 864
31807 363
6197 513
30505 584
4201 152
51763 482
6724 877
41808 813
26977 225
49140 376
59997 701
12718 334
32349 846
5726 318
8587 759
6941 945
55024 750
5791 837
55489 994
26100 394
41094 613
39827 770
25099 188
57924 819
16978 627
42702 74
58027 13
5032 792
60506 811
7691 155
20313 876
21919 75
45077 106
41846 263
38567 17
9171 563
60453 549
51782 199
48554 575
47799 243
26039 670
48640 313
4142 31
3369 893
59131 382
30037 767
35904 425
35133 884
10789 137
19001 342
59572 186
22950 881
39315 294
6142 790
3363 326
12522 53
51285 314
17938 183
24915 538
19272 216
62153 158
64025 210
59281 440
23052 405
59415 601
59653 528
19432 827
41748 632
6136 835
25209 276
32969 143
48871 488
43027 735
9474 99
28883 21
46542 268
40314 896
56739 420
62854 930
27849 803
47004 232
50333 254
39367 148
60994 238
23325 167
49507 139
31661 480
22496 421
34304 40
53658 793
43900 54
27813 811
60514 294
23121 956
21057 985
55519 620
14402 529
65767 141
33594 86
11440 612
4437 187
5037 421
9189 771
48096 422
9177 684
7274 432
23964 65
38914 158
61326 963
15784 930
12000 433
45893 4
25399 222
7190 9
10244 785
185 848
57007 986
61560 934
6891 824
21078 806
54631 478
56684 784
10440 482
55874 391
54593 584
27780 136
21004 933
33561 10
27446 782
41916 202
18807 995
6667 447
43853 60
507 613
39409 542
92 338
52969 575
41055 476
7890 63
2298 63
20852 841
48401 658
30266 287
22292 366
1565 334
46835 960
32584 594
436 324
64645 25
5064 871
32226 994
49832 200
42930 441
59291 263
22657 873
30752 952
40408 690
37623 661
25728 291
40836 979
36704 590
31084 755
30389 750
45426 882
10059 808
28331 87
37626 317
34858 131
18704 298
43386 30
56385 272
42009 485
10600 771
53608 744
4759 794
5484 92
16348 311
49342 420
41395 965
44306 462
43152 89
14388 332
28179 990
30551 451
12057 244
52262 720
35924 722
48499 288
30760 47
35700 91
56091 856
63889 668
20333 489
18250 185
58440 9
44533 218
22818 325
33165 800
46624 5
48499 746
24576 874
64690 3
61819 343
6556 213
48614 279
2415 94
9278 328
18573 487
39520 895
35689 213
62981 636
1197 944
28646 290
35871 534
65202 761
57841 240
28286 17
2651 548
28572 897
10724 137
40105 83
34531 215
48395 572
2432 336
6495 304
8531 282
56917 241
59975 618
3840 670
21683 498
50307 366
64378 831
60527 761
23748 375
56096 715
53382 346
779 232
7920 998
13770 875
50533 738
30977 20
22780 525
11559 485
30732 530
53757 788
56348 367
33022 698
14562 818
36170 26
47100 7
30231 703
62508 800
42642 148
30683 773
47722 841
26331 505
35545 358
10794 224
14593 477
36099 764
19501 608
54467 42
61905 298
56938 293
40676 984
59369 219
4071 963
53631 170
38004 319
24890 30
5754 780
53157 673
41912 925
49125 732
40310 556
27459 215
34469 783
33151 607
63975 567
55474 217
14728 95
5759 167
39725 299
63446 703
51227 423
4349 965
5227 638
40474 240
42944 127
51369 577
33222 455
52002 709
19275 874
63971 644
34940 986
35376 570
32431 909
28078 367
18117 392
46261 259
17221 507
21503 533
88 469
196 314
23874 13
39701 412
11811 623
5846 241
17534 380
31211 52
44765 464
22110 17
176 108
27261 928
55816 125
58791 697
25251 653
50858 386
3724 862
58202 185
50935 551
25079 754
45058 722
11419 825
65454 463
2244 548
42826 778
19945 166
6992 432
27631 713
52600 691
4175 770
29449 767
34232 647
9854 57
26050 698
21484 862
58518 563
8620 389
11340 668
23605 413
56755 697
35212 398
2958 735
6622 289
57993 712
7720 268
35796 473
27695 121
52018 724
30209 136
64745 215
23409 381
32751 145
49161 686
7795 293
6638 286
4936 588
22575 974
55544 566
22497 124
34337 905
23784 329
27316 470
29407 889
27582 552
4913 573
49418 325
28110 561
28340 926
47471 548
48641 181
65259 482
32809 248
36993 93
48165 989
3068 854
21150 986
39168 34
6887 797
17331 857
38049 87
22509 803
12686 981
47848 785
50345 147
7845 514
41729 830
43968 991
51361 334
30192 58
52861 972
41645 135
22914 882
13711 283
23459 389
50855 978
14375 528
8215 950
76 931
9285 955
29958 667
29004 207
54127 586
45350 89
25032 702
36340 138
50708 751
11963 366
30379 657
49175 187
15664 378
21374 461
65704 837
64176 1
50463 412
11808 286
47347 715
29548 474
16188 137
49379 375
22770 692
61309 811
23143 170
56993 386
62738 866
21290 999
2466 980
12304 869
49012 249
13051 189
37186 978
65896 820
65873 610
24785 274
18702 876
7806 368
57538 915
40105 696
35670 710
14736 93
56430 776
63025 5
47589 813
8674 834
7301 833
2598 485
29247 633
24251 317
16117 96
59609 357
24872 14
28428 145
20660 457
12783 649
6614 935
50767 605
11795 766
41805 997
48859 624
14228 29
11250 513
10666 410
28987 964
31991 43
28295 822
36816 123
18699 1000
14894 669
35538 867
10191 332
58349 75
16643 899
10219 110
35180 910
61700 547
52817 167
62912 880
43719 507
34405 664
26165 311
38691 619
40317 225
41931 368
17681 886
51203 282
12091 197
48414 102
3600 178
38720 897
36558 404
22499 366
23354 436
2227 933
55426 859
39477 198
13929 242
55215 453
10140 545
19059 96
736 290
50499 679
26462 274
42123 407
4741 37
22411 216
20037 662
10587 232
50292 198
33890 298
27261 728
30479 144
37521 388
31158 205
18096 716
43113 672
52832 524
46148 43
64677 711
16770 747
4386 455
61148 878
59871 99
48179 366
2176 339
38648 218
40336 20
2018 729
20307 698
27766 845
36620 540
15713 805
53378 946
9463 814
51585 653
30371 444
15921 719
45317 152
54534 164
33381 471
27047 160
14616 415
20274 668
42229 317
13938 569
10415 986
14431 18
5076 616
21617 482
19358 446
31371 320
64622 767
59371 660
27457 169
13189 544
25724 287
37281 838
44830 702
41380 610
40492 863
30898 672
17058 489
7786 594
36250 11
23591 172
58143 17
2865 75
19214 568
40091 916
50791 420
22709 866
56208 713
29367 621
21528 556
62806 405
3661 275
21139 63
15190 506
12328 370
16681 664
56373 491
27039 578
58960 481
27339 813
38506 212
47290 384
29740 353
30057 129
41623 779
49547 98
63153 326
34841 506
12904 14
21650 685
21027 567
13944 995
63904 78
37736 674
36492 536
13528 769
17704 722
8921 105
3218 368
14735 344
46178 119
7681 615
46544 413
42944 203
54589 297
8951 424
10620 182
44041 959
59363 755
38817 399
55265 628
16061 271
14712 419
63388 787
58541 263
13715 422
40222 997
51490 461
62539 545
27446 1000
29606 811
30554 427
3206 937
42321 309
11003 479
61647 685
16043 861
61089 629
12568 495
16142 602
64522 983
16533 923
16180 107
48800 433
5474 468
49540 176
33766 648
59950 709
24898 681
64668 348
11766 105
49054 242
12134 707
11162 166
56176 514
11059 198
50325 931
30868 172
59571 797
53628 106
22940 772
26083 453
56132 269
10529 14
51882 603
45156 37
49364 895
5693 405
28676 779
55356 983
29975 70
65100 161
54465 650
61912 717
4769 653
12609 807
34461 926
47623 885
29960 524
19422 409
54045 237
51295 540
39381 978
49090 329
40681 772
64236 971
16337 605
4381 614
24662 251
50432 944
6572 280
14355 196
14173 810
24521 539
46852 538
57476 397
17663 526
26433 997
64911 799
10803 234
44988 96
34416 342
64711 629
5734 20
54450 56
33298 511
5060 780
40242 426
28737 6
30286 685
26452 855
59199 912
57866 483
10501 135
25553 804
20190 620
59305 19
2608 183
61140 413
7757 276
38141 989
7505 940
4044 840
20348 17
39642 759
53452 393
5839 773
22934 100
572 375
23169 135
35330 534
30771 113
30724 417
18598 302
48585 82
55634 350
3937 564
9290 262
45396 142
18168 884
34257 328
36214 269
45278 343
7320 362
40821 887
60362 175
18990 617
13857 981
35305 163
61712 669
46727 133
53977 825
12069 735
30157 217
27380 39
9830 587
39949 185
4664 506
21587 117
7978 785
18131 354
41756 563
57372 161
36386 378
55982 282
27470 629
57603 597
51577 387
18068 869
17666 137
5390 983
8232 889
32192 243
25418 85
48114 255
47186 831
57582 43
24594 778
5044 547
6209 812
38734 666
19757 632
17734 320
41377 653
23080 1000
35358 379
65042 240
37349 706
40721 369
29885 116
12505 564
34185 470
8301 859
32348 709
36198 172
32934 57
30034 152
9645 941
11905 354
31969 589
32494 794
12853 438
35637 854
21883 648
54768 718
7110 248
55341 776
35495 155
62155 536
13020 502
51879 831
8190 109
10810 750
8016 739
26705 813
2593 903
1234 344
26635 613
36329 584
63496 785
29473 575
44006 712
47701 111
21745 265
8905 736
12770 527
51003 938
17719 587
45693 633
41892 5
30355 946
59229 323
47248 299
18275 408
38693 180
5837 624
61680 759
22399 969
62475 734
33145 956
46888 402
61994 916
54874 341
60333 737
40667 587
13047 225
46253 729
52640 308
16240 521
25109 147
52532 580
43749 150
12288 92
30385 294
44068 193
50489 941
26148 641
23779 335
40618 725
43180 402
28536 495
341 298
2975 706
24386 665
30795 657
12094 908
7839 365
37144 692
35486 669
53430 850
36203 48
65026 808
40425 45
12681 943
23016 771
21920 317
48789 195
12123 227
15621 93
27755 162
18263 925
19871 195
35640 463
55610 771
47954 588
29285 857
57056 53
25366 456
56555 374
58851 577
31405 549
38497 523
40042 367
61727 836
9852 744
35531 619
18659 604
27853 329
50712 930
37404 334
62578 850
46241 942
11500 605
9233 960
34211 217
4585 864
48200 41
2750 317
39272 545
44095 698
22323 117
39480 301
60118 985
15401 483
39091 434
63629 891
8607 500
63789 680
21628 145
10602 380
1344 358
4390 696
37162 880
42917 277
2507 599
22140 251
21655 592
65890 569
39105 652
37047 295
64644 841
29221 294
43087 800
42984 929
35477 545
51053 396
50714 189
53855 559
39558 855
31283 567
38218 489
36405 652
47972 779
64612 223
45472 401
17443 703
33237 181
35175 956
26129 117
65000 529
28742 311
35702 491
19298 987
5717 838
4138 790
59106 231
23985 173
32916 30
6954 230
41913 838
16335 303
37331 466
4216 987
41456 846
2210 476
28806 436
27639 178
12329 196
49987 23
55660 561
23941 31
49686 481
54857 272
45064 241
216 296
20003 773
61039 946
27596 521
42229 766
18205 462
11467 903
17552 906
48337 691
33311 65
9659 649
60895 83
18336 829
38738 322
13740 828
17856 277
3149 542
28607 929
15049 639
28109 853
1550 26
26388 593
61837 16
21188 314
64712 694
17673 694
46205 817
21603 326
61212 875
64560 547
26508 81
15930 413
40048 388
56649 976
62635 135
27763 807
8950 290
446 556
47224 266
4924 950
61020 384
29367 223
15760 353
2704 230
5029 675
35542 596
43984 276
3353 994
3895 915
26196 267
52570 732
51960 238
65621 54
39050 633
30174 631
18840 40
48477 843
46934 242
8251 113
31060 292
32235 979
24112 650
40169 212
15695 453
38543 93
8763 349
60142 106
64094 583
65563 890
18129 713
57890 811
21260 490
41000 639
39970 174
51382 664
2740 846
30911 709
5071 11
40179 130
5085 253
58914 47
27260 647
17205 785
64546 100
18875 533
33276 177
16503 169
51602 721
47353 695
402 417
50979 740
9030 68
59503 847
28931 452
5291 4
32177 45
4095 593
26078 292
47967 316
21298 773
13236 607
40911 646
53391 722
17816 375
31311 735
22309 261
9372 664
8344 483
49037 539
1038 185
8170 673
1826 765
49433 315
47860 355
11614 893
3060 926
57205 713
63024 901
17199 205
42974 956
45499 435
22097 289
38382 9
37055 644
65345 768
61458 267
55048 975
30302 658
44557 223
29534 20
13849 804
35308 596
1314 41
34410 312
41823 430
34169 846
57831 223
39556 394
1820 417
2921 698
6099 846
57180 996
909 93
16528 358
40584 752
1713 115
20368 20
30259 474
55133 900
5932 744
46155 45
57057 574
4606 634
5536 392
59308 870
46836 59
46991 480
57293 544
27446 50
41132 679
15942 243
19639 670
24237 141
45139 377
36471 473
1877 591
21682 804
23460 751
55231 473
20777 236
49600 999
15191 162
6303 467
50102 511
28036 402
3961 883
25929 638
23369 964
52759 147
34018 406
50678 831
51457 106
46184 677
60157 234
4189 783
7175 128
5067 857
2916 81
28005 759
14811 728
3860 980
20388 210
14851 922
4630 8
42532 21
636 878
61612 899
25618 134
45820 586
28790 724
22919 121
1746 71
14408 925
40901 789
23893 195
19793 615
27464 326
7766 86
2440 608
15090 235
9041 223
55617 337
35738 63
8028 973
6864 641
3486 823
35488 74
50408 733
42212 437
54261 237
60060 795
40815 497
15459 761
33048 351
42728 787
56741 678
42403 859
13176 935
25842 117
25822 166
41242 272
22193 538
13241 134
26402 917
18794 82
44290 841
30071 476
57153 102
42467 303
41233 654
60599 104
28919 407
50965 72
20404 11
23893 800
16994 904
50086 169
64719 560
10419 331
30341 672
16223 813
46477 191
36084 835
23178 588
43487 343
20504 536
23730 517
11206 537
21506 609
23036 503
55318 157
30020 496
33444 191
9731 859
21729 636
31864 191
42201 840
47358 785
36645 391
15317 487
32890 218
58615 25
21584 982
18537 337
59347 233
15167 565
48694 776
14461 705
47849 106
18171 679
35588 360
11711 504
65330 189
49717 542
51666 577
49010 153
6136 294
15682 842
10674 555
39955 276
65404 969
44961 139
43932 120
20429 457
50964 628
64052 732
8964 112
13133 868
53315 622
27254 778
29729 889
33365 175
17640 391
36528 747
10223 374
10765 883
2434 979
34744 70
49992 764
29492 342
62393 527
6931 713
28282 840
63893 82
43012 888
59004 80
10559 210
25092 604
25146 592
53208 237
28033 807
41385 313
6228 160
60080 617
9869 196
52639 420
36731 687
3434 57
13124 701
44746 547
52178 778
62549 295
26291 406
48554 141
53930 843
43979 393
10300 597
15895 361
37080 41
41759 887
16221 914
5691 915
49985 567
57605 233
2659 593
31008 431
61488 991
44835 259
60589 591
47884 777
58612 562
43195 405
55176 128
42924 440
10973 434
15932 608
45596 8
14113 909
14693 866
38374 340
11136 28
4772 225
165 835
2445 584
50648 199
6867 280
24399 409
10895 693
13645 887
63776 41
32579 943
11650 150
14025 841
64884 338
28139 906
26500 598
9436 267
58741 905
65785 39
46029 783
21616 829
39338 973
195 715
36970 777
65882 492
48193 3
27269 270
1339 488
48804 339
29742 659
58713 621
63034 874
22792 324
46255 759
60814 19
61049 358
34645 194
59343 595
58231 246
23059 534
42476 463
290 316
7616 597
42760 152
64217 196
3903 964
59938 752
10191 322
30080 898
14432 614
11049 2
53978 765
28127 825
25456 902
8852 356
32430 344
18018 930
31152 184
65400 734
57238 573
32881 716
31276 834
9864 619
6079 606
58655 929
1699 803
45146 9
35068 236
25698 883
48706 934
49409 115
57140 984
4795 812
39224 90
43292 835
61964 826
52952 73
7391 67
29534 58
8910 479
54493 964
6732 483
44980 495
61315 877
43430 983
4263 114
48503 815
57492 347
18919 945
62172 572
8330 485
29452 621
50246 538
25431 325
28081 299
62449 47
57042 412
19597 217
56785 218
43052 133
44202 734
17995 507
5336 569
54983 393
50360 477
58646 496
39276 742
10868 357
64313 569
10567 783
46087 703
47288 67
31495 665
65326 493
30683 591
43030 101
25483 209
9067 1
11304 317
9558 179
34469 283
53065 397
52044 827
18588 254
33939 287
406 351
41965 817
64062 20
41286 852
21341 777
19665 56
27426 307
26962 315
46752 608
29707 450
52550 407
23668 9
46694 209
2584 744
11403 928
16890 6
2682 928
2814 822
1600 676
42161 731
31393 340
24636 72
35185 742
33551 759
63486 134
37218 465
44609 575
42696 140
19543 98
40524 709
37232 384
63542 169
4918 434
3936 78
38059 768
49978 106
48807 836
13321 426
58865 642
12085 667
8310 713
40879 991
4380 348
34105 11
64236 840
6346 942
18471 225
685 99
18272 654
2700 975
47067 333
48849 317
19497 564
16912 219
63656 587
27164 945
28124 843
63818 539
10117 534
37702 590
49764 519
59290 30
59740 270
13407 504
1203 880
61387 186
57775 712
9330 243
35121 514
41974 410
64558 889
48914 799
62853 753
22826 112
55270 329
7216 655
59255 742
11597 722
27 690
28824 185
13649 657
49911 928
12823 402
48596 226
42220 881
18444 222
28442 147
43514 523
41336 681
45564 472
4200 742
2465 913
63606 445
45617 586
6479 724
20911 777
30111 753
9769 892
59048 623
47740 967
33026 965
43665 402
12081 812
53392 839
9846 737
19367 153
26055 78
53007 755
22086 88
32628 632
50474 870
12916 448
61698 946
63154 765
14435 442
64062 358
40433 71
20654 972
49841 879
12151 658
60960 937
29555 667
50492 761
6180 914
63913 214
12247 10
11028 20
40579 747
40631 428
57501 447
40989 324
37996 336
15928 765
40470 651
3134 105
8860 529
17729 305
10956 843
54731 189
43466 420
39553 786
2391 338
46687 977
60977 837
48017 431
12989 603
37465 566
4104 630
56340 555
1215 364
45935 837
46983 574
12665 236
50942 780
39690 383
32147 983
17709 582
16355 745
41865 200
1104 903
5189 312
19175 926
18303 785
46673 723
59188 935
28216 379
57569 756
29286 312
61231 406
51601 676
44470 283
50811 643
33195 952
31210 42
60917 659
40119 655
15877 783
64650 370
39938 848
9407 289
51935 408
62242 614
28262 914
326 670
23303 135
24269 887
37046 662
31835 794
51349 527
26400 529
8289 14
60729 21
62424 645
27025 785
17989 29
2239 867
26139 705
54564 495
28463 381
28577 586
6563 840
10698 415
8718 707
4749 448
31346 827
63239 338
40076 327
29601 480
59828 101
57254 389
27447 326
45954 11
20976 70
18131 83
58280 710
38987 451
14487 751
31482 402
1212 591
62761 55
63944 720
10937 467
47823 884
19215 326
56339 804
47736 977
17173 717
38653 159
16058 265
49755 209
2548 506
21206 555
42870 934
31674 547
29419 176
63164 383
63505 9
54868 998
44164 61
33013 786
57661 291
64290 293
64126 465
25617 298
18111 707
59043 600
17969 871
32383 550
37024 95
58007 694
4215 764
50593 623
6437 572
41815 487
21990 642
15042 333
28498 74
30263 400
36708 68
3728 735
55301 515
36517 664
52504 769
36257 618
32245 630
37680 913
37596 918
59469 160
25508 138
10750 233
52725 361
62691 612
16108 315
21683 85
46398 903
30850 620
22671 378
17728 759
10433 303
53022 12
24913 918
45011 609
13309 238
59245 648
22348 844
36110 877
40206 89
54384 265
55691 824
45886 211
8953 481
46423 773
53435 321
38810 788
41583 644
3496 954
57995 476
63105 555
50437 363
37581 50
42353 338
35022 52
25889 534
27939 959
36351 334
20740 731
41032 784
10805 964
54331 148
57181 391
13486 539
1919 125
54119 669
23289 406
26484 17
31221 190
20402 797
7945 580
16181 793
52430 935
61955 622
27000 164
7516 820
267 592
14381 479
3538 500
48477 97
58090 396
62501 608
61613 223
20198 761
42394 51
17797 864
5790 476
37345 839
54647 955
47785 612
12447 939
35425 592
8813 618
50408 206
47117 194
65454 733
53450 408
39006 739
60814 449
21124 618
29362 197
26230 332
6500 391
29304 330
5165 804
21642 254
50239 932
4968 18
6348 376
31143 695
43866 512
58370 495
18378 567
45439 564
22538 940
56655 853
22246 672
29804 306
36157 228
10689 374
7010 292
60622 591
48122 977
35377 958
48418 724
15537 409
21662 95
62556 179
46953 470
58102 780
50376 579
51950 87
2758 340
50032 695
11026 960
32749 916
62431 538
31265 512
18514 877
1844 771
26488 146
20571 190
60155 928
40574 271
26963 796
55325 276
58367 531
27675 399
64932 748
6226 612
52525 309
64990 841
51519 700
64049 299
6216 832
18124 176
38818 933
44763 622
16551 91
44933 558
21966 209
19009 1000
52808 448
64159 852
35439 539
29383 980
60973 358
31208 899
33047 268
35761 922
26726 24
20708 335
47437 918
61392 780
4034 278
2788 960
26806 446
42481 243
46895 193
45601 143
2536 168
3905 245
58255 432
33449 440
5803 518
23842 989
50095 115
28488 308
10180 903
56512 939
21237 517
32082 204
44674 657
60679 495
34623 309
21564 769
50798 112
15130 582
14812 947
36070 262
23265 874
24426 523
61465 112
52907 622
12142 299
54340 163
24867 516
56848 432
23682 484
59814 335
24365 982
6178 448
13516 213
35913 378
41978 341
50062 853
38554 306
64983 831
54257 171
14542 906
47330 756
8893 619
33536 137
7236 905
22619 222
14151 990
44933 551
64135 875
33770 37
35989 671
16354 20
49386 776
7024 884
61169 482
32522 196
61335 832
46691 39
29896 772
38168 904
7640 288
21590 203
25814 556
61974 990
348 910
42173 457
1179 983
47454 686
16104 760
42567 74
49673 630
39907 68
34262 745
6028 794
53656 999
59012 621
55529 652
59740 693
14460 525
6491 271
20169 915
61560 816
2334 161
59254 412
14437 209
48584 781
65328 453
26531 223
34345 817
30828 283
34374 486
27022 325
17941 684
56459 701
9644 731
12689 278
33426 144
35327 46
28466 517
61000 479
24793 910
49011 342
9458 491
62586 169
43423 449
51266 789
25485 460
18174 509
20250 987
43415 185
45907 376
38304 1
9163 245
2475 691
30772 434
56535 593
11102 325
60925 889
54756 263
52019 742
22759 841
14647 643
39131 644
56915 264
15341 98
59264 519
53935 607
34984 605
43483 24
25022 631
111 762
6374 885
17479 268
8412 965
31281 727
61594 257
60943 538
13831 34
53832 540
38325 472
1602 849
60978 381
19737 626
60612 396
2018 361
16294 964
50702 640
10740 801
29178 103
52362 676
34675 494
53199 76
53292 580
5723 964
5616 189
5502 95
51771 353
31341 605
26493 343
5017 204
20904 512
16229 199
12765 176
43205 240
57508 213
64042 623
3811 130
34405 869
6555 496
27011 267
47855 633
1730 977
65793 109
63850 209
24616 524
38834 711
53094 366
63822 115
7159 882
46970 399
24259 473
10305 375
32302 178
61127 267
11991 144
47951 58
52752 716
29734 628
9706 327
23110 686
22903 957
22842 1000
58119 211
11597 501
36926 174
257 8
1499 855
33045 536
22463 81
47932 285
26579 955
55251 282
37103 6
1576 729
4255 473
64476 91
21978 372
40004 816
2551 937
50604 246
20978 674
42020 128
3641 23
36244 125
41099 445
42107 989
8357 544
54736 162
14513 406
2083 272
65788 114
22723 132
12026 801
32106 347
43302 362
62302 531
43845 635
19228 549
28194 679
20928 666
63627 591
33361 241
24519 173
54555 471
6973 701
51547 965
61297 277
34336 571
53995 668
19889 445
19772 716
11846 972
48857 227
32491 877
22102 360
7524 102
40632 597
37053 44
28172 642
4718 898
10716 660
52746 697
26750 272
41520 587
45956 6
19485 103
46722 255
1860 273
42231 778
58524 831
65600 233
8008 424
55137 556
38892 53
46601 758
11443 593
60692 200
22442 266
53747 742
60711 865
41537 81
55589 464
5463 568
27782 966
3448 458
28296 855
22285 642
48682 124
38788 94
47957 271
65214 452
50731 646
46832 815
5279 405
12798 419
9987 78
39160 84
65860 744
29918 122
4137 1000
37005 518
8829 295
24557 194
3044 312
65497 631
54438 969
60608 962
29802 69
4870 846
12157 418
16083 542
57873 771
41901 558
64891 860
19159 362
42289 635
25525 525
33022 246
45715 635
45456 354
11876 931
54795 721
18372 537
22457 114
2253 560
26431 377
9755 343
28453 717
31013 604
26748 14
61533 919
16045 492
21511 295
35515 581
4770 826
59177 128
25342 118
30936 185
435 234
51762 12
14047 810
6020 680
36024 615
17823 407
16728 676
39828 752
19490 561
31494 377
3185 957
65015 443
12730 802
4209 994
55667 364
19607 874
25989 805
52409 416
57263 980
5199 553
35553 727
50823 171
50375 305
13823 35
17199 17
2609 881
21388 935
47235 650
34158 379
11581 916
8627 206
12018 932
44487 721
13199 772
23717 488
5116 347
59768 939
55330 215
11234 373
1522 86
48624 172
65277 685
41335 649
62675 700
20081 115
45197 997
25807 795
55082 527
58226 146
36546 11
34086 391
48751 328
15380 319
20312 181
10707 946
41172 215
44000 725
65816 667
4778 990
1604 137
19661 90
57634 882
5615 238
42478 261
15677 946
43764 804
12814 803
64685 395
64225 767
44500 259
18536 878
51402 526
34664 875
19680 656
34389 22
29199 174
6903 780
32166 416
8667 496
45697 539
55794 76
6498 596
61916 403
45358 693
38344 789
18241 719
60825 990
14645 216
32144 91
64893 319
33310 276
62610 51
20390 644
34088 52
34164 845
8056 223
56375 901
55597 11
57009 847
50055 85
60622 946
45986 888
6088 614
18743 380
45954 667
58143 632
29652 139
1192 700
12475 674
13693 141
38527 275
18264 18
16325 718
22082 587
22867 457
1339 239
19377 999
20594 289
31250 26
49271 69
37400 513
42048 47
61281 336
56722 663
33061 375
2051 6
35422 311
23751 827
5114 107
65553 45
8409 388
63549 143
30427 801
30014 275
10429 916
18201 364
40051 516
43117 399
50025 720
29686 851
64704 958
10063 480
17166 266
29636 649
63600 737
27966 456
33573 639
13959 641
33136 606
2766 655
6269 464
1011 307
65569 923
53095 277
7517 818
60343 912
8688 699
31946 166
6047 221
44413 610
63395 302
55977 346
48070 995
56546 72
50482 293
16034 287
56096 931
11381 606
61723 477
56196 289
18509 730
11819 254
8844 207
40073 702
19719 489
8734 682
37010 909
57210 599
7098 680
26407 49
28426 360
2958 205
46650 918
14713 379
28191 647
48593 83
31022 206
38995 445
49648 901
62750 434
20084 900
61012 48
62247 495
18213 964
13656 500
11921 61
48069 323
31535 328
25621 207
60390 688
19885 736
2918 853
64944 501
4212 492
9171 436
25129 346
57143 718
60604 409
58446 295
28057 191
13287 250
48337 320
29978 202
24709 320
23602 809
9944 777
23384 221
19987 820
29976 530
59295 176
45927 43
22853 952
37593 390
8340 703
42190 716
7604 852
41844 2
9228 859
34855 583
14801 976
57817 280
39111 760
65475 358
59637 343
18496 726
57458 307
51524 717
39843 263
52694 989
4258 644
7839 912
20107 702
52552 786
54643 876
13407 462
47223 502
27018 382
28236 674
38802 997
47009 391
60482 146
1954 260
40612 877
50626 331
3299 356
43480 577
55589 159
24654 262
29663 313
27823 193
38581 133
51322 843
8819 171
58284 295
3329 448
60679 958
37164 728
40161 150
59389 277
10375 553
40516 382
30052 836
25888 745
43533 562
8663 953
58914 508
1047 912
21503 326
46322 185
577 852
10269 49
28580 512
31318 585
32444 423
2774 431
51526 589
20501 198
19645 722
9220 902
50894 930
31190 969
17709 218
56991 554
55110 366
44690 250
5724 788
61502 780
41579 523
50359 801
19705 352
64495 593
2729 652
29790 188
36916 879
24715 94
49826 725
22570 392
4724 90
38923 914
41857 868
34701 539
1880 828
35114 861
6426 904
58833 60
24064 21
43879 10
5255 773
13388 802
15535 55
17448 115
12830 704
35277 320
25273 907
990 564
41540 722
4101 808
11352 927
6146 663
9543 533
63390 891
54791 371
22429 11
51950 500
48119 777
61089 475
47106 190
6820 251
38007 50
24287 418
50563 683
1374 469
65418 675
1845 707
53259 246
42698 894
8292 477
14192 477
60719 318
39706 356
57586 124
48603 377
14141 475
19288 432
58806 878
59278 302
65401 265
24447 884
36924 663
59581 271
50658 148
51674 595
20116 899
45731 613
32615 424
43346 168
5253 790
19446 171
30194 903
32482 589
8558 679
62864 581
6095 342
27761 903
44900 982
60437 55
25383 958
65210 629
61728 391
16745 501
1261 278
35103 428
6379 629
10624 496
33635 334
56323 571
64622 156
18046 131
30276 746
15529 589
32558 828
6256 307
26198 139
64952 849
50775 127
26182 448
57676 257
37582 565
15022 587
49160 436
52772 950
10445 809
41061 601
28822 525
8394 755
27066 856
65886 96
24032 797
45083 983
46450 343
29606 505
64262 15
16515 505
39833 31
51239 799
63543 751
18400 536
49909 620
56438 579
28449 280
47106 612
3266 593
6014 861
53858 920
48245 912
39369 486
64951 775
21309 299
50970 672
3441 866
62525 475
56684 490
42127 811
41631 56
37294 552
35842 450
58535 558
38728 963
60730 73
42172 731
37190 769
34643 159
8714 583
35539 41
53513 541
19953 927
40417 681
30084 283
39658 26
30318 324
22713 984
3248 633
49570 550
17582 765
65854 458
31691 588
2399 550
28075 597
8266 656
33354 449
14231 840
22589 325
22457 761
9362 4
32019 477
15316 105
42943 201
35155 521
40172 9
54674 69
48191 109
40398 153
47583 124
39175 402
40819 388
17718 5
9526 611
41957 680
24261 160
61699 606
45228 299
45011 186
24688 494
46379 253
6383 228
25626 606
36562 795
19350 652
46220 826
29901 448
25888 610
3051 605
39487 44
63246 271
17152 992
14598 260
40046 11
38394 278
52361 540
20262 910
36351 625
2704 946
18920 203
27906 189
11551 971
23714 334
63281 741
41792 518
48928 371
41039 243
27662 765
4384 266
37609 375
57842 790
1194 69
28736 337
46295 166
17677 331
14232 508
4372 562
35739 961
46053 838
47964 882
5280 349
36959 369
20603 397
8132 767
1522 1
7365 414
12952 144
43747 275
51820 939
36758 412
16586 200
11092 270
12604 564
27067 42
52842 85
52921 693
20025 732
13573 282
27075 412
14394 48
56921 88
30095 870
25338 109
34526 116
14999 92
32244 652
33281 399
10253 529
17801 199
2589 131
26470 658
18119 297
35053 575
18651 631
9473 103
20272 262
49204 692
31553 413
6688 294
10401 202
48651 152
24365 454
64617 222
48852 684
16902 383
5785 902
50880 334
2062 103
38978 456
23540 13
37074 254
21149 177
63392 849
18152 185
32291 433
49881 357
2751 34
36606 181
26532 61
46442 571
64942 49
42544 653
43173 573
35610 705
64397 106
31997 150
47328 876
35392 606
57301 527
19489 735
28150 640
6043 608
60542 172
40722 227
48122 148
8836 623
22106 434
43796 641
28699 521
16191 805
28925 751
13070 454
37030 600
16068 889
24569 666
10350 590
31509 736
15714 338
36571 534
10819 43
39744 430
63577 536
49078 84
22534 29
3079 812
3197 194
23043 903
49216 190
6944 646
5345 612
27911 995
43907 207
50755 470
48706 585
39025 77
15486 858
8169 643
62437 902
829 42
40190 808
53965 962
33652 703
47195 416
45047 511
10352 13
35533 522
14472 1000
48056 173
23854 943
37064 91
57700 819
35670 787
51701 557
55106 536
36326 13
20928 720
18692 560
61622 10
12862 444
63702 1
1776 146
45255 685
38057 235
64558 991
16916 285
39510 383
36223 462
30399 864
33959 905
59222 521
59052 15
65016 990
41150 839
26225 950
42508 784
60892 625
30919 765
50373 414
54529 245
35792 494
44034 323
22026 704
20894 642
35086 159
49909 661
47212 978
63144 628
34587 509
2221 503
56604 150
7589 77
60598 877
48081 7
27277 63
27531 394
51545 893
63263 115
7833 544
54696 815
24438 805
64263 897
27796 49
29931 280
44279 871
51200 965
5968 153
4891 925
41284 112
32181 63
9648 16
10707 162
52989 65
53994 960
28910 109
36171 58
31507 855
58072 753
11707 244
34097 302
15121 618
3597 651
31503 204
33298 548
36532 217
10740 644
62936 304
19234 606
56647 114
41894 182
385 840
64175 531
36498 890
31926 540
43465 346
38694 23
49154 64
21879 778
53173 588
7784 20
44410 815
25004 329
5681 783
52649 467
41016 321
57376 234
51745 893
61543 174
59135 311
49547 107
31550 993
48091 807
58113 616
51703 406
4846 409
42486 218
18715 50
14173 24
46237 548
26800 124
59711 419
14826 159
10022 7
45478 656
9348 811
4306 306
38121 761
16809 365
32677 56
39991 475
59799 662
28692 939
52043 5
46567 559
7381 486
41820 419
831 128
49451 724
18522 756
65025 207
29878 56
1927 537
11620 588
21453 845
25245 427
54406 243
50987 127
49994 603
42416 20
48875 107
37294 800
25971 38
44545 578
14808 609
4947 460
5250 917
12471 124
26526 357
21130 692
23489 308
22800 622
53038 708
15807 186
2296 963
22851 600
38545 796
65249 219
7990 177
58362 524
44718 611
36470 286
36179 890
50281 363
55232 520
38555 236
57430 211
54800 465
13250 439
53660 775
57363 136
54296 411
49799 277
61290 60
34869 635
47391 450
16877 438
44664 908
36134 791
2697 389
57506 983
40113 488
24331 886
35731 697
32690 581
41892 1000
10857 635
53305 3
10101 87
53798 570
16016 927
7266 829
28676 910
16966 723
38771 18
27657 948
2936 968
53626 864
30155 191
36589 771
56919 873
28309 416
62504 428
7433 678
6326 698
59072 901
44774 100
14006 61
20537 634
11822 47
38213 196
7422 66
27797 7
60756 932
51073 956
15514 360
16903 166
28283 772
18659 187
39091 459
25351 470
50572 583
3013 496
48289 926
13679 463
47513 502
38291 860
24583 461
39753 687
56500 41
8808 974
38856 131
56880 225
16146 840
56163 619
2773 546
4379 562
52053 922
25913 676
28147 213
46305 35
48160 575
9205 271
4853 287
21632 61
30665 832
6597 866
49741 161
22550 126
2591 277
37855 556
49077 302
26711 788
19837 303
38948 909
2938 926
18130 975
26921 620
50756 886
34863 657
51514 619
35299 228
40001 374
63198 157
26766 862
21403 362
33652 161
12281 894
20887 810
8944 234
28999 87
65618 143
16771 335
4065 611
18362 185
57830 541
56687 270
58277 584
63379 97
51952 379
59262 608
26285 373
5537 908
22266 162
44920 564
58121 91
44693 85
30256 390
53692 919
11317 685
29955 490
53472 84
19762 78
34464 974
1712 252
61237 885
11790 644
49927 57
55664 702
13744 317
35784 644
28619 240
40318 994
41084 723
29715 653
37449 11
1708 481
55348 662
43676 325
45054 390
31461 816
49575 163
17529 686
64835 667
2751 799
56250 766
17179 881
31265 100
42473 375
14522 575
18872 782
63627 307
6646 543
39977 694
17565 708
43625 531
6777 33
33419 87
26800 549
3210 517
10441 484
50577 449
60856 548
33048 624
53675 473
30598 666
40934 637
37204 29
20460 735
11886 727
17130 764
63803 323
55332 26
40247 175
14744 433
22583 242
18562 709
31223 904
59207 854
61530 104
23496 187
41458 858
22751 168
27414 50
63974 576
37917 938
31646 276
52282 95
47413 836
31766 110
36888 170
63151 819
47861 160
41752 595
11371 289
32324 777
39920 81
13857 284
62455 289
32901 995
46822 122
55680 32
43963 310
15556 105
53071 215
58479 520
5842 917
36277 343
8436 356
31628 673
6151 308
19018 425
14426 10
41638 839
5170 971
54300 160
44797 170
35006 99
1759 140
27241 559
13162 205
42971 830
15882 63
54984 158
15020 408
42120 664
38767 544
11799 711
20562 688
56662 764
39116 6
7690 895
55564 147
5436 32
39491 204
21293 312
18418 997
50043 857
23605 664
20682 458
45052 720
63354 588
61551 862
14623 786
14798 959
48188 146
61256 115
8254 626
15521 641
523 251
50682 301
15687 687
38434 709
15300 549
44769 264
13236 997
27175 183
4433 750
12438 921
62709 898
31303 186
20778 176
4512 162
43377 753
29500 402
21070 817
50448 950
45659 520
56914 77
30216 492
63547 872
50851 534
19860 276
14397 44
4724 85
47222 404
58811 632
4671 777
47070 907
5296 680
58632 214
17435 898
54778 61
7030 35
46103 932
62771 340
45710 297
27845 968
64054 399
35948 168
40938 569
7322 668
32067 913
15547 39
17797 904
47081 581
49524 448
6205 725
6654 401
35203 89
462 659
61346 60
22426 551
54385 675
30855 457
63623 955
5719 507
13024 885
49013 613
7493 918
62868 512
43730 939
54476 705
53046 680
16948 79
11389 548
14226 886
38342 917
5932 709
20775 350
60282 806
58657 799
3731 977
12449 239
4587 318
23106 585
2879 429
1974 496
7304 102
54257 856
1341 78
49938 387
24554 534
37779 140
4486 610
25405 851
21082 440
44415 94
49779 275
42247 664
22945 292
18463 744
23890 725
12862 398
64258 636
2816 750
48702 38
5 855
31117 924
18983 271
16200 924
33314 592
41277 317
41549 485
28357 561
33316 503
23551 314
39963 78
5806 251
13908 419
40844 842
601 986
9435 340
63323 65
49674 733
5239 883
36641 671
44994 55
35818 359
50770 98
18763 602
48672 155
25772 631
1518 930
34939 770
46297 970
45017 526
56923 618
30079 885
46901 231
55777 79
26148 506
56587 624
15703 435
56786 202
21739 695
65205 447
35638 103
21 569
31928 61
14271 720
8652 769
22345 786
758 877
45416 741
29279 298
28006 467
40045 141
61078 421
55803 257
52424 537
14812 863
53979 320
55138 371
30967 359
35899 142
19519 915
25859 568
28193 417
60586 398
10338 31
58653 384
46042 939
41080 603
2690 624
15902 166
27292 257
24536 546
6546 53
60657 117
62518 811
7437 841
15258 633
36242 450
25027 114
52222 316
23356 633
30055 373
9652 586
24234 520
1091 38
45701 239
28783 826
63322 510
55486 940
49980 347
57510 356
40001 766
43610 889
39618 977
59533 632
64180 431
62669 133
5525 530
30778 33
35338 630
32918 421
39709 815
42576 470
36259 645
41166 713
57848 17
45842 962
11624 84
13646 531
5398 693
38330 209
33437 171
61575 954
16138 417
53342 273
2819 393
47100 201
10222 935
10839 556
1719 835
11763 473
22530 718
25148 654
3441 912
63583 955
65802 281
37877 650
27707 661
45217 566
32078 5
33184 146
62341 492
65003 518
3501 729
6094 863
16017 375
8824 422
38075 622
60314 703
39599 867
57183 691
5461 294
56461 882
55827 309
55619 133
10836 137
59514 784
53881 65
18601 171
29950 618
53731 441
8415 872
30653 70
60159 58
14997 158
50076 427
58449 603
2385 33
60145 392
3978 40
41064 547
17199 28
35380 134
35828 406
64605 458
44703 940
55085 311
56913 34
477 43
35378 873
45010 618
47718 756
57959 659
47700 793
44618 999
41067 568
49632 970
16652 419
13477 853
61598 121
41380 471
64222 613
63302 654
29368 892
11667 805
11495 780
62415 681
40174 451
8231 474
37673 903
21212 31
47270 491
27349 896
12584 99
2800 989
42678 68
26585 788
10337 675
16745 47
5896 307
10487 11
30414 58
23423 312
43038 884
34052 750
19700 574
13669 748
50265 458
29748 549
17634 19
38002 410
22648 516
35563 466
40111 352
44445 304
8953 624
12040 273
50382 839
20047 101
25246 209
51533 328
44145 320
37377 257
56024 95
20798 145
23387 992
16329 176
34956 856
33269 789
65076 392
53964 965
61086 317
39554 484
16947 62
61646 4
46009 365
29664 139
56475 7
32035 602
2061 715
459 93
5089 894
5737 294
43589 286
50391 820
46161 99
43897 100
17475 289
33642 903
52114 666
35126 17
35442 705
3733 987
44796 463
15442 580
9051 885
32685 482
22223 880
40246 579
272 75
18471 528
58635 259
17472 808
45300 790
65677 807
39458 431
63557 322
10822 566
16780 472
27843 480
2686 410
37168 931
6098 73
59075 894
15362 814
39832 321
24287 528
22765 852
62869 781
14144 773
10361 57
55124 790
2792 972
23215 601
17125 5
26890 882
64619 955
13117 701
10533 333
60787 14
9270 294
1912 140
51551 241
35423 75
26894 34
28383 299
6559 452
6769 457
51420 877
39392 967
47760 46
65232 828
17494 609
357 397
8133 752
42093 502
36872 576
30683 900
11091 258
62885 12
30830 64
17519 975
20127 223
47656 482
6064 809
28282 383
25587 796
1962 810
42185 723
26836 21
39605 387
11777 768
43448 591
5603 647
40657 540
34719 321
5904 571
35323 276
45355 290
16355 154
52583 634
64721 567
3747 552
51436 264
64002 431
13761 907
51524 708
44395 377
53620 136
21481 733
31313 498
54083 754
13469 279
62890 759
50354 448
15415 295
65761 259
39600 768
36552 776
19582 899
63629 611
10501 10
63093 711
58572 984
7321 891
15486 494
45153 996
26630 753
31929 803
9344 443
5393 598
48990 337
14363 864
24197 992
15512 658
18911 224
44208 339
5833 153
28329 266
22749 461
59554 227
28496 882
50013 780
13995 171
65451 422
27559 343
7595 322
45382 996
28079 62
13618 385
34852 238
19073 879
25518 540
8073 305
29289 638
593 914
8106 159
1447 615
7651 214
28483 622
31026 73
42777 545
61476 999
57848 427
10951 159
21048 760
3636 706
10589 60
29188 655
21894 561
18903 428
26581 974
20716 494
34759 909
55546 539
10078 470
35023 103
49785 718
21347 776
11801 542
60320 741
22823 585
28119 333
36372 226
30691 623
38256 424
50681 96
24259 448
26930 964
41305 818
52715 234
58647 152
36228 450
19199 41
53450 173
35091 260
41389 280
6418 394
2010 788
12769 723
40956 448
20958 600
43264 578
15076 955
25615 802
10322 268
55439 345
15788 551
38832 534
49966 683
40173 750
20964 478
47085 254
43637 607
40780 7
21079 765
22135 329
32096 799
61545 175
47018 227
42451 150
21295 958
9803 439
51836 306
37075 993
62113 404
24146 719
3551 930
47919 724
30682 867
45520 391
47106 801
29376 947
46544 263
47401 601
45657 46
30593 929
16185 780
47491 573
18012 991
50377 963
9166 806
48918 553
56179 291
2774 393
34530 205
3969 214
33474 309
1910 274
38234 180
27050 434
30094 827
3147 493
64359 423
45380 264
63345 604
48311 290
31812 224
38228 129
11991 175
44672 858
29253 314
45502 284
63301 790
34498 36
64474 40
52755 371
21244 660
32435 281
64192 626
41225 798
12881 14
14971 997
49095 399
64861 133
14092 532
27930 919
48819 323
51170 471
63583 501
54024 434
58005 307
387 202
38468 178
17749 752
43335 196
5173 596
43116 513
32688 132
51431 124
43450 330
45541 710
53285 776
61323 499
26893 797
34680 585
42823 219
21970 671
57750 913
24870 919
31117 689
2076 273
46793 1
52458 870
59668 748
7541 440
21286 344
34207 116
64426 236
44227 694
41423 600
16357 662
53659 894
51876 926
47090 493
60758 697
21531 94
38563 246
11923 862
54230 975
4884 187
45947 79
29746 2
30670 61
7061 78
24343 160
58945 135
25483 815
13358 132
28796 450
31630 276
39777 375
57480 151
28905 603
58269 168
54785 254
55425 212
11088 281
10217 108
12230 840
21402 717
33523 846
60841 116
60349 756
33964 390
42873 453
33291 74
39352 715
58911 368
59679 695
22963 659
9652 854
39910 991
58584 321
19193 517
24337 774
49427 990
38326 49
62988 140
37240 620
51633 983
37152 291
64382 836
44596 144
28004 878
13677 200
57395 850
671 756
23211 452
2134 623
17555 878
23266 542
53017 549
44980 126
34214 561
57429 375
59639 709
56509 12
32696 258
62893 203
51471 350
17610 453
50180 993
14877 368
19691 765
59497 404
63909 949
1624 793
3662 952
51366 311
8997 16
45998 302
5455 75
58552 241
52758 251
28390 519
27201 933
12786 688
48202 214
4881 661
63401 550
53640 859
61597 423
53236 635
13031 130
55449 647
45220 631
57282 969
38955 218
26827 456
39544 978
32282 970
61141 777
57565 370
25153 531
17247 492
63130 412
10659 751
45278 960
35282 121
62178 551
11231 491
31879 756
11741 397
10293 716
35939 362
42336 906
21688 37
44541 690
62047 173
36944 345
59539 951
18345 804
10397 734
9684 189
24988 467
4266 533
48942 209
2065 496
14807 251
19635 387
7588 290
1095 314
6684 766
54385 958
43674 942
6717 519
45629 861
27468 243
53530 990
7697 756
17614 811
61229 296
7591 825
24567 464
12645 269
55755 370
65744 744
58493 406
32210 782
17141 318
35968 880
31810 312
54356 667
30780 201
63215 915
10704 547
37132 472
14987 779
32314 164
32991 248
43442 150
9781 300
13215 482
15165 722
64777 185
47244 533
28456 544
58485 441
45493 482
30725 806
19271 386
51021 499
60270 598
42992 760
38240 214
61325 984
1627 851
4032 813
54986 260
62870 423
36818 521
20518 890
5184 541
22156 413
2988 842
33413 289
51710 265
34831 468
50032 137
4584 832
29645 567
1546 953
41352 121
42858 402
7045 604
589 158
62163 512
8068 984
7741 45
7112 819
4953 8
3543 163
60563 236
35004 306
54165 139
64346 951
54608 955
1332 486
37103 958
31244 372
31749 214
57645 549
32178 294
16009 996
3155 496
15777 435
13955 948
62723 360
57812 206
12308 269
43848 153
45267 330
60724 888
12261 772
38848 963
21291 347
52801 692
60815 969
8427 445
58172 510
56038 524
30606 589
7804 413
52210 586
38614 269
17978 552
65166 664
216 567
16974 194
52472 316
21552 980
25760 829
18314 446
27370 539
1816 208
33161 948
11260 188
35329 148
5726 877
17921 918
34953 773
11806 6
28550 624
17203 544
24443 97
25741 57
24787 566
37148 787
13068 368
28189 492
32682 906
16197 626
34984 66
47281 506
19463 818
30200 565
33922 65
62064 136
33693 612
870 380
5667 377
48892 444
16069 620
15885 184
35811 937
5383 580
4011 152
57283 105
38238 222
29846 566
18351 727
22861 29
60141 658
20523 743
62834 621
32543 359
33956 913
7549 76
5412 51
56131 947
4994 194
805 858
22047 206
64656 921
38584 864
55645 918
33143 896
18391 563
20058 175
35054 916
7881 2
38221 70
45839 879
23377 846
30163 381
27594 529
60215 956
40711 536
27153 249
1553 921
35355 892
43620 292
42228 816
32144 121
55734 736
38059 981
33724 402
65231 980
22135 552
10029 550
6830 32
33953 225
61337 402
53309 912
58424 854
26393 849
62135 47
50862 512
16804 528
35142 616
312 995
6821 932
19365 149
19874 119
33452 145
49189 838
16304 556
55285 412
8656 985
22601 274
64805 3
62001 884
53508 46
61674 203
22503 541
65805 430
6778 295
4841 860
44670 12
29024 219
19162 889
61888 99
33158 193
15544 167
4532 361
32237 531
64659 83
32620 612
6810 940
12298 201
54945 641
47055 859
47996 456
27178 158
65174 625
61058 173
10209 999
65287 308
59799 153
34587 56
12190 470
34467 604
52126 837
34249 857
3877 732
56723 982
36496 735
48788 890
65437 511
18592 575
47858 471
63908 943
570 974
21218 993
11261 721
58287 753
13043 323
1738 62
16790 615
6264 890
52348 763
7745 758
21092 686
53333 381
48118 548
53982 74
17499 95
8865 466
10914 633
62252 942
40630 573
33217 443
44262 484
25428 183
18484 126
20009 44
11396 125
47331 76
22799 159
56413 51
59471 70
44283 264
10352 764
46781 917
15569 906
37226 272
31504 135
63483 443
35712 386
20978 7
23770 774
22688 572
21868 74
7559 600
21807 915
49878 960
54540 928
46905 447
21855 963
47749 899
10518 49
7530 568
2962 342
29144 739
4051 733
32189 107
15054 699
42556 852
34619 29
32747 405
5004 679
40650 438
59864 613
36866 595
5103 358
20521 763
13633 124
14788 81
53068 225
57050 380
60221 999
48657 89
17692 803
48615 844
4978 426
61859 612
11023 69
1128 346
32825 384
38855 184
61877 598
37852 691
42555 985
38242 445
1403 947
27780 6
21426 361
47047 739
23721 917
40875 510
9147 200
58403 630
28019 592
18984 990
43835 540
59210 262
58865 324
61518 133
64001 259
8371 627
29594 675
10207 376
9381 56
6271 266
9606 47
13723 618
28716 31
8954 208
83 183
19914 809
14655 1
39503 554
37272 489
16203 415
39776 621
57870 228
2053 827
51162 287
9581 545
18890 405
29023 398
44440 990
30898 845
47458 963
16943 517
13939 922
16332 811
1300 705
1626 251
17798 374
58445 859
43257 402
49655 12
1385 484
61626 680
37042 379
18325 190
59069 892
23118 341
4134 967
32075 28
24415 681
39774 717
61040 299
65560 430
22174 213
12888 959
3932 679
11243 962
23990 268
56184 974
44436 718
3393 989
39301 650
45545 877
45542 577
11482 400
2865 598
61146 22
48383 358
29389 339
33238 650
28415 611
48224 954
19805 670
22161 690
12660 604
11743 807
53516 460
9729 489
42430 464
48972 727
21766 26
41 675
3073 902
14728 477
56218 169
41111 395
