4036 106453
10108 55
6996 740
5867 439
3953 80
5845 522
2374 509
8632 195
832 486
6517 532
3244 220
6859 275
8004 183
8796 461
4798 862
6112 810
679 119
5316 208
8279 616
3712 155
2613 298
8723 19
1416 44
7930 113
6093 596
3991 533
5713 780
10258 768
8578 142
10327 586
3872 188
9769 542
4661 895
268 528
53 397
3245 490
4614 643
6769 4
8706 94
8717 992
1548 214
5199 429
1517 90
9247 631
10187 749
9313 458
1912 402
8406 738
5229 19
3799 162
9247 622
4686 461
6748 310
5434 818
9659 941
3869 514
6448 499
8394 440
8523 953
9399 215
4433 985
3104 637
5937 184
9056 626
2601 591
5264 818
3953 340
2966 597
7532 113
4807 128
10085 424
10641 768
8495 117
10582 559
10506 368
10340 591
1517 108
6535 437
2673 454
5289 434
4008 216
6700 403
3939 401
8507 647
6925 612
5437 58
8077 19
5029 254
10613 851
8544 757
8734 297
829 233
2172 68
3321 828
4366 675
6496 983
10133 768
5799 610
5161 348
4376 607
10562 542
5125 597
3327 607
4231 743
511 666
7757 863
646 124
3349 78
2072 958
4109 283
2642 505
6890 777
1902 424
7739 562
10066 195
5990 420
185 761
6078 223
6966 6
9210 984
7776 291
9408 657
4179 777
9574 120
2558 541
426 474
5835 425
6175 618
5652 277
5295 629
515 225
9936 959
924 217
661 592
2656 240
4675 721
2960 100
3839 216
206 899
393 924
2433 275
8123 966
9071 822
2765 418
615 764
1103 598
6354 720
208 62
2640 458
2850 756
9187 231
885 948
8424 463
5378 656
4652 69
10606 561
1415 79
2336 830
106 263
67 718
9900 415
5813 216
4419 68
1019 326
1653 173
6838 114
7894 487
2890 636
7671 683
9195 985
4273 697
7229 915
3370 224
9470 206
1661 282
4263 951
4612 373
6802 734
10213 681
1011 560
681 129
240 728
8935 309
6532 77
55 575
5634 344
8764 159
7792 665
2100 808
1258 776
2937 490
3494 406
9487 49
7371 133
10559 107
5492 181
8267 769
1619 28
8725 476
9931 811
9550 309
3201 798
10637 780
811 387
9742 238
1915 804
5864 848
1422 604
1590 876
7102 646
7393 855
8568 357
10074 132
7060 262
8602 961
1494 817
3384 109
10124 245
5325 436
7900 272
7401 453
2262 66
1409 591
19 775
3502 279
7370 260
7683 32
8017 956
8045 88
2169 919
2318 506
7312 28
486 611
4263 581
7142 550
9581 891
131 137
498 353
914 611
1424 888
7030 213
9630 938
7364 521
9398 611
5344 107
7633 403
7730 92
3807 948
5226 910
7923 856
7192 944
3707 921
1717 609
3927 473
3188 737
9619 435
1300 721
2469 129
1266 660
603 774
2553 583
6314 227
6580 232
4217 798
4009 737
3759 505
6968 908
8974 479
7500 518
5590 90
7462 109
3657 499
7686 27
3848 803
3406 983
9679 842
1789 942
3882 410
4938 877
6382 360
6226 47
1743 211
8811 179
6460 956
8388 394
10490 856
7212 774
7961 319
6753 401
1781 375
5477 405
9714 91
10134 327
331 83
8799 771
7295 389
63 828
154 22
8337 828
10269 365
5042 963
6495 644
6150 294
5204 158
519 482
89 750
1277 184
6622 29
9141 478
3745 275
2282 273
2615 711
3168 426
1224 903
5803 71
4125 214
7096 712
909 949
7625 778
5994 855
8728 592
4893 710
8333 119
6336 518
7632 853
4419 666
2547 106
7039 635
6783 399
9361 147
6613 38
10447 154
7577 57
2354 19
6999 665
1412 192
9595 296
3615 270
8603 928
6288 847
5492 88
2121 739
1662 834
5176 529
8732 532
6716 988
1534 319
2341 605
3057 681
3377 443
2318 773
3610 409
8526 139
8470 902
5087 363
9927 381
6420 884
1784 650
187 272
4782 652
4950 601
10249 390
471 623
6264 186
2878 855
7920 626
5396 258
1421 235
7746 621
10446 560
5826 335
4229 238
10546 283
9933 629
10357 713
839 539
9064 507
4555 735
950 324
1817 636
2118 898
5191 265
7099 545
4408 695
7070 100
5455 788
7435 667
1886 864
3388 454
5320 756
7079 273
7608 410
9347 866
7842 808
5300 362
1747 384
681 978
9634 12
5179 444
1598 889
971 645
96 327
6112 16
6042 301
5561 251
2205 842
5732 395
5951 528
3544 618
3720 516
8786 435
8895 957
1502 311
7667 926
2950 609
3211 720
20 409
3909 470
5970 855
6317 489
8695 680
987 894
6466 468
10166 535
82 485
10636 140
7163 61
10076 494
4665 989
5993 649
2772 618
6552 565
3573 148
9338 1000
9813 722
3343 285
8172 845
8724 451
5110 994
2702 647
3798 594
10418 396
2686 267
6568 165
8819 986
1767 279
5951 805
7593 535
4545 294
8796 105
4199 656
7947 580
2285 307
6979 477
1569 13
3812 436
1070 820
4500 768
763 623
6070 127
4730 420
1726 132
6148 294
3412 535
1260 223
7065 838
8048 786
6254 952
5415 241
7451 410
1384 378
1552 531
3270 712
1273 55
513 94
6512 885
1995 295
4507 420
5537 265
7562 398
4983 912
5620 635
1176 505
1374 475
3770 472
2321 67
9262 661
6749 787
1260 369
7303 750
8145 378
7534 911
4158 456
1056 698
7297 697
3715 820
127 59
6392 947
8579 334
2123 294
4631 20
7859 891
980 129
5842 983
213 693
9726 921
3586 257
2910 861
9412 830
3508 513
8508 549
6088 201
6212 564
446 169
4026 534
7300 11
5205 706
9328 871
7625 900
7803 925
1817 58
8398 510
8054 23
5780 672
5490 693
7666 753
1656 553
1518 314
2732 889
222 499
1766 979
7428 298
9020 232
7330 922
551 568
6619 82
718 303
4825 153
3007 37
3339 851
4505 230
8748 692
9072 728
1766 21
3088 684
548 487
3748 919
9219 323
6649 86
676 689
6549 236
10145 92
2145 742
252 166
5789 850
6133 482
6260 11
8036 168
8239 260
4318 127
10584 278
3557 305
3903 209
1624 273
5504 281
29 269
4430 453
1264 152
2941 508
4750 341
8723 165
545 396
9790 625
9732 486
4380 561
1093 996
8364 190
438 461
3536 559
2756 81
7001 583
8214 539
8174 681
3081 122
6767 548
1289 481
5066 857
5977 391
9264 321
328 165
6951 541
9019 699
6683 369
118 607
503 913
8622 303
3591 49
1683 768
667 495
5219 580
549 783
5340 138
847 677
5192 367
3427 29
3547 468
5888 182
5607 381
7357 375
8259 226
73 820
2808 801
9730 96
7374 97
1741 450
9259 229
5649 581
4706 31
2667 492
4912 378
6575 718
1428 360
5672 680
3094 642
1981 476
7230 926
10297 994
4789 692
9666 989
294 17
6626 825
5997 909
8979 275
8588 860
1371 749
3744 361
3930 318
9428 231
2176 43
6934 276
8911 543
3229 545
4776 4
9767 610
1536 830
8063 450
4488 764
5884 713
3220 424
4657 877
294 191
7005 378
10565 826
5333 503
1087 617
6523 249
8411 574
3890 190
7549 353
5853 113
2818 706
8434 571
133 92
10621 341
6620 871
3674 539
2542 790
9886 981
7127 328
2450 199
6130 854
6960 805
2685 535
8659 175
3826 34
7080 896
8384 834
7020 900
9505 8
936 44
5574 968
9997 629
10327 37
9484 409
6648 6
5366 41
7936 503
9018 530
2615 768
6987 321
2433 682
7192 381
2910 565
7412 547
8390 401
8126 114
4153 818
3937 60
3944 743
733 166
10454 304
6266 535
3339 74
9311 378
3468 507
2172 665
574 294
6051 755
9667 413
560 657
1019 500
7698 133
6482 693
10051 557
6963 991
111 581
9081 25
4934 231
8351 784
4363 429
3960 355
7298 195
6971 598
916 46
2013 198
8956 644
6031 81
1076 150
4117 648
4588 317
8436 995
1758 848
8547 800
10101 524
2968 840
6964 133
9924 465
563 976
2583 854
5828 168
5077 430
2637 427
9205 631
32 641
2396 92
740 432
318 774
7488 576
8427 543
6421 245
7718 686
3115 658
4058 631
8855 718
3202 690
5770 834
276 851
9031 249
4544 13
2399 189
6027 851
9354 76
4579 788
1696 601
6184 87
5724 740
1909 204
3393 400
4364 293
2128 263
1309 873
2974 648
9531 96
1061 850
6214 892
9342 88
8046 738
948 228
9011 55
7022 376
6465 941
169 101
10089 946
7206 763
3658 589
9131 58
2416 57
119 733
372 125
6349 256
8034 833
3923 255
1245 233
5981 669
6326 540
2474 523
3952 957
10118 79
6474 725
7885 28
5286 484
7418 821
9601 101
10426 717
4775 22
9714 269
606 704
5676 909
7047 770
7144 796
9748 24
1767 949
5768 53
8951 610
687 54
4934 771
5595 759
481 718
5058 903
5597 279
6691 465
6243 985
6845 647
6457 8
5345 97
935 820
3082 363
7974 920
7235 824
3807 525
4285 183
4290 559
8640 142
4353 338
9760 930
1085 388
8916 86
2094 844
3772 296
5911 629
3547 275
7712 668
3460 658
4359 851
9441 791
6934 752
7727 193
1744 1000
1770 430
3920 679
3543 400
10230 46
2290 897
3293 720
9032 900
7755 319
5357 927
2937 164
7123 727
3194 177
2775 998
355 964
4830 32
5158 924
5399 272
5729 771
1359 920
1052 289
3485 291
209 652
269 42
2184 102
7409 345
4495 628
5898 713
6967 145
942 917
1084 50
10309 15
488 439
3126 726
7902 460
3734 16
801 531
1089 454
9065 785
3592 9
4268 87
9168 139
9973 634
4355 445
9270 643
1869 663
1602 458
4684 736
5564 171
3073 817
7019 993
2526 721
9053 164
7133 748
5494 686
3789 58
6553 189
8091 173
8549 413
2237 856
1659 551
2871 135
946 134
9944 495
7293 336
1120 218
10530 438
3671 76
6159 43
10606 62
7439 88
274 792
3 22
6053 775
3602 369
2906 741
3323 605
7289 301
664 63
5413 3
77 256
4057 164
6302 869
536 208
1649 610
6123 422
7413 580
2573 319
1467 116
8568 605
3324 191
6821 781
5157 719
72 185
3155 227
8562 427
9313 54
9267 597
15 707
3228 566
9111 345
9158 855
8416 341
7801 300
9719 407
4313 171
6747 423
6128 541
4234 780
4053 397
2094 755
3268 625
52 573
9907 313
10485 666
9245 776
6176 550
7638 848
3729 729
7293 587
2015 171
1435 83
8901 679
2352 732
3728 232
5461 595
6668 864
7865 55
3562 91
5682 730
9138 500
10405 789
10521 567
7493 762
369 640
6617 287
6638 848
5698 668
7980 795
9697 185
6606 847
876 424
5345 953
528 873
6195 956
8149 56
991 860
7082 91
6128 974
414 560
1101 38
5913 910
3071 104
1402 355
3861 978
7233 438
650 822
3728 19
4888 387
6857 470
3812 908
5691 692
9618 56
2548 728
7003 855
19 943
8169 804
4406 160
6840 752
3530 52
2857 300
6574 520
1112 263
6111 523
3961 154
2594 133
6945 186
5077 303
2448 933
3237 251
433 599
2514 724
2030 485
8902 12
2477 745
4135 889
4774 386
7316 845
2201 939
2176 610
9871 581
587 378
4568 662
832 961
7217 399
7268 69
4775 964
7872 424
1681 432
9769 232
3691 499
3349 971
126 299
242 301
2017 425
4276 385
6326 511
5465 911
1752 836
8638 842
3133 503
7976 904
6233 840
7922 854
2862 631
8018 313
1040 884
3938 477
2927 529
1578 42
8363 354
7648 231
2200 456
4617 487
1184 657
10262 588
6903 190
1677 316
9454 674
4557 108
5582 237
670 821
7417 686
3048 489
8330 827
9674 89
10358 374
5218 178
8313 460
6913 87
6009 876
1265 46
3820 207
6674 218
8663 65
2942 278
4766 698
2740 394
4868 350
3489 81
10035 954
2815 780
5391 868
9870 502
2959 317
7938 494
3925 645
9362 16
3571 242
3373 495
604 598
4489 756
2379 326
7156 39
3721 951
585 986
4373 711
6703 3
8179 750
9834 643
6326 733
643 145
3004 667
9571 948
7164 468
7121 117
1266 255
2562 199
10399 225
6465 954
10596 578
5607 263
3548 66
433 201
9467 241
9568 162
601 107
704 26
10619 239
9149 406
3852 618
8243 631
3076 521
7629 68
4295 173
5756 573
3752 728
10247 304
8281 184
10518 401
3541 950
10091 77
4744 578
7283 24
4738 871
5146 350
1961 744
6834 760
9290 241
3910 343
2830 713
4273 753
7941 665
3333 782
9452 251
1562 736
4436 38
4370 140
3189 304
1916 778
605 286
9275 644
5446 474
10615 356
3037 142
1511 650
6181 733
7828 956
8660 804
892 753
6824 515
8828 814
695 666
5524 153
9568 594
2031 434
7686 469
2610 613
8597 536
421 294
8892 848
2786 359
7106 244
2988 795
10515 865
7254 842
3002 221
9340 600
3138 602
10055 986
2611 224
294 32
9637 303
7286 214
8737 874
1023 437
2030 359
4533 120
4080 121
1772 345
33 86
9973 286
9417 922
950 561
7359 716
5027 491
8741 313
3686 688
8878 497
7991 518
3026 961
9737 744
7048 113
1853 569
10234 74
5015 108
1793 635
10006 954
8881 312
4518 108
3983 572
1718 924
1509 52
8609 431
10106 240
2215 935
8772 241
232 167
9913 881
2440 712
6049 548
3234 207
4808 141
9172 450
10305 671
5106 738
6872 252
8161 315
6310 699
6215 84
10642 504
1973 379
710 175
1939 699
3763 361
1445 30
917 75
836 63
7968 996
6382 60
4578 264
2736 355
10052 39
5556 281
2817 256
3248 291
10530 169
5227 539
5036 715
5427 305
10500 92
1557 150
5935 526
3698 452
9873 998
5479 359
3027 701
1054 320
4535 519
8222 961
6055 781
5608 705
7405 692
3768 306
3266 678
9615 360
8386 567
3994 610
3363 78
7944 862
3001 579
2354 747
9330 690
8040 247
5922 929
9499 557
9737 517
7629 278
1460 553
2546 415
8198 551
6631 978
1670 489
2701 516
5029 385
289 367
7656 984
6845 769
6533 170
5146 943
2247 992
8287 447
9430 583
72 294
7622 242
9163 618
5375 192
10032 472
8980 595
5432 806
1252 620
599 628
2870 637
7946 134
5998 942
8128 330
7006 978
1553 609
9810 565
3857 833
3401 403
6398 85
423 905
6205 311
3174 255
7516 31
2613 905
10564 164
3427 133
6172 488
800 817
6965 703
4732 901
5034 237
3260 993
8111 324
4495 689
196 226
6934 543
7336 526
7480 746
7343 481
996 360
9994 410
9405 856
7731 731
2016 105
1566 994
8743 406
2987 513
1102 703
6570 153
4106 201
2873 402
1809 367
2515 244
3091 587
9564 157
9851 476
5672 146
2218 697
5894 659
1353 81
3954 581
3738 710
2454 129
6698 84
1206 945
778 78
3206 881
6455 387
7460 744
8965 801
9078 132
1443 74
6921 735
5750 616
9047 746
6294 162
580 630
5674 742
1497 46
7144 631
9899 841
1444 614
6850 848
47 138
6302 328
8396 481
3229 258
1265 117
6790 254
5501 514
6775 879
8791 725
3802 730
7024 627
3351 763
4223 235
9339 810
10066 246
3678 240
2515 309
3749 869
9829 837
4326 223
1006 805
2354 122
5176 961
10184 796
1369 41
9735 913
8244 762
8369 6
10067 573
5135 715
10140 967
5647 218
9940 914
6288 568
3829 902
137 414
2535 652
7268 867
8559 623
6033 458
1375 697
5972 807
8190 105
5847 965
7631 404
6012 372
6122 412
9949 655
4958 869
8062 284
8571 393
3827 690
5358 937
8972 164
3780 972
6978 966
3645 35
8907 862
219 806
978 678
5648 647
2829 318
869 359
5194 999
1291 111
9634 917
8610 629
8796 624
5783 441
891 616
2991 329
10047 94
2162 691
8195 342
5806 537
3609 371
10342 593
3144 489
7808 936
1044 842
1670 618
6001 38
9585 243
5034 975
10182 750
4538 628
7409 824
7257 468
7281 512
200 292
6783 355
294 269
5788 996
4625 866
5834 131
443 680
4797 282
4553 757
4896 68
1844 393
7578 199
8452 184
9464 709
9089 315
4834 885
3791 373
6482 19
8143 852
5925 370
8854 814
531 976
65 714
1953 696
9958 636
604 869
1869 557
10332 271
3277 402
1325 735
7230 153
3346 404
5265 836
1593 90
4357 45
10620 56
6202 398
309 935
543 573
10563 443
8579 94
10472 7
9087 548
7715 113
7239 955
3763 654
6495 635
8389 33
9111 597
8569 945
10243 867
6207 389
6340 848
3011 51
6947 594
8245 530
2095 882
60 629
7078 692
3427 202
224 653
8210 20
2763 50
6807 179
7063 731
6560 679
10254 272
5592 534
5205 975
7559 579
7537 746
9856 764
2222 604
4760 120
790 300
8505 45
10094 737
2126 74
1760 423
9576 400
6793 525
8074 417
6042 467
3689 712
6264 205
9893 1000
2994 605
1671 395
7015 419
5491 377
10432 838
7079 391
8667 66
2869 55
2363 555
6551 423
275 491
1551 885
337 131
2425 132
6593 900
7204 122
964 135
9025 196
9790 325
2615 722
4275 531
2884 229
6879 162
4785 148
10211 282
3880 175
5854 695
8508 109
272 794
2582 923
7912 901
8567 285
6987 839
2447 667
767 957
9499 995
2055 433
2706 92
1676 475
806 986
4042 391
8679 236
8294 733
5622 960
3139 753
6306 902
9530 177
7304 942
8613 1
1 294
4605 230
7354 971
8177 366
447 534
8059 876
9467 99
7156 775
2468 578
4206 625
6300 773
6368 411
4525 865
2928 503
8640 141
3960 199
3510 338
562 576
2271 355
9848 44
1928 797
1223 538
2951 662
3183 442
2121 98
521 921
8456 240
7446 219
5338 51
8226 274
6095 478
1522 464
4411 604
6035 843
7029 655
424 236
1205 249
4313 973
8886 479
10015 832
5373 18
4817 672
7317 36
2255 935
2192 478
6035 161
2931 828
3715 115
6147 472
9270 922
11 574
5554 25
9315 139
5937 742
5170 621
4987 158
5589 252
7866 78
7536 941
5477 526
4462 406
8600 746
622 595
4801 414
3745 902
8745 908
3808 5
805 151
10074 96
2491 653
2506 122
9360 826
471 486
1402 726
3012 182
8775 716
61 797
3490 20
10205 719
6312 961
5478 939
8213 320
2322 401
9211 898
5181 967
10614 647
3900 733
7623 606
1494 167
4239 457
586 636
1675 851
2046 165
3727 896
9486 770
6357 91
2739 77
9746 887
1224 725
2554 367
5914 348
9152 653
10304 673
2485 388
9397 477
6482 528
9243 208
206 110
1856 28
2855 488
4493 884
4358 493
5063 299
174 241
6401 641
5888 94
9842 683
4787 904
1632 434
9038 965
2505 154
5329 22
539 679
7600 556
6336 80
2027 800
2651 572
1455 644
5286 554
4373 158
2673 831
6653 315
1868 529
9065 991
8458 395
9992 158
8989 258
938 275
6253 603
837 264
9075 928
5326 429
1484 598
2098 111
1535 111
9187 655
3545 335
9968 957
7169 192
5915 697
6893 732
4780 842
156 36
8861 651
4588 69
3601 204
5160 948
1506 749
3664 93
8558 677
8802 20
7278 959
5331 427
1882 424
4082 205
2518 612
4175 264
4460 6
5757 935
366 157
7360 355
1472 140
3472 265
3948 747
7667 112
483 732
2415 989
1061 321
9451 985
8942 494
1590 211
7282 778
6086 381
10386 136
2717 482
8263 661
8444 866
1169 63
3303 330
1047 473
1182 554
10391 663
5870 142
2042 705
6351 847
42 151
97 19
251 656
6484 67
3639 860
6046 938
2541 598
10171 67
7476 670
5482 323
6111 606
3331 205
3246 971
3056 686
7602 107
6871 497
3719 831
5900 386
321 901
6580 34
6531 649
5903 537
8209 617
10063 71
3423 556
8905 177
5806 900
3014 563
725 471
1266 385
8067 555
4034 163
9894 29
5070 192
635 295
2525 633
6289 923
10257 610
7899 129
6354 147
8570 291
8098 348
8666 933
10133 319
7330 611
9437 738
3209 114
8054 322
7583 232
5017 746
251 375
8494 703
10032 564
200 5
2477 553
6800 599
2256 510
4297 777
2073 926
4355 871
6480 246
1823 350
8040 112
9074 660
5224 86
1566 14
4303 928
2999 673
7957 548
215 283
8958 283
9330 568
10385 628
8921 182
1425 208
2786 288
9818 814
5569 330
4575 421
5847 776
4931 399
10594 684
1731 110
8024 877
1456 684
7005 207
5884 846
4539 571
334 722
8614 649
8379 949
2336 331
91 466
2831 553
9777 287
91 714
4450 904
10203 747
2945 297
3824 465
4496 793
8662 644
1734 62
3530 482
2712 627
2462 247
6108 259
6206 400
3194 142
9431 46
3481 687
6132 740
9884 969
6671 484
4976 64
3055 64
9847 245
9215 240
684 45
7957 308
6218 155
4242 411
3573 555
7214 763
5625 636
239 730
3137 878
1009 913
10 860
5342 383
6426 376
3974 258
9004 223
9332 21
4805 621
9576 687
8788 587
9509 229
1460 746
5660 418
4645 520
2081 769
2484 201
4534 625
2767 731
2804 383
4209 393
10163 27
4828 876
8538 104
5610 39
8588 369
6074 114
7653 482
10611 416
7239 813
8386 836
4904 213
7943 681
137 511
7674 361
1204 665
1921 478
8723 195
5592 840
3542 819
6189 671
9196 512
4041 813
517 671
2807 221
72 376
9342 943
9864 545
4967 95
3662 26
2068 138
8894 817
215 199
10357 905
4976 757
7588 386
4698 701
3168 711
940 870
4509 147
4883 798
9274 702
7329 747
663 211
7301 995
8151 125
4570 265
1736 126
4503 469
3984 698
8445 143
3359 906
6378 854
8727 10
5199 333
1725 605
8290 567
7632 227
4935 269
9261 386
1372 621
5084 392
8776 725
9588 815
10312 105
7918 814
582 260
8929 644
1054 501
1440 190
10165 520
201 176
7521 640
3848 17
1364 387
8442 696
1039 642
9070 931
843 975
5794 479
3987 846
3959 512
1083 611
5981 724
9324 584
4934 754
10381 851
7605 692
1706 200
9178 497
5429 59
8291 635
5331 223
680 74
3397 304
4035 642
2670 275
5584 696
10474 274
458 774
6125 159
8111 344
9595 554
7878 368
5674 618
6716 259
9150 34
1749 482
2511 552
9648 293
8893 728
9245 755
392 767
4718 441
277 919
5603 333
5728 60
22 60
1870 78
1279 537
5995 434
8753 733
8300 927
4206 989
4845 700
5124 764
8825 431
5369 58
6980 797
2447 80
1486 409
10614 769
2880 160
3090 868
2667 245
8561 455
1902 484
9178 509
10522 66
4204 2
4274 814
1816 331
10349 990
2512 412
10015 51
1694 686
816 271
6280 967
1074 325
1188 711
2508 397
8335 253
6161 699
531 994
1675 616
7968 859
2286 317
3491 518
3755 53
9489 174
10218 333
4017 120
9498 802
10437 854
2837 364
3936 942
558 4
7549 570
99 981
3967 77
2434 953
2099 448
4769 106
9034 4
8221 182
3663 625
7315 152
8210 786
727 342
2362 609
8331 284
2102 524
4278 531
1922 486
9547 200
3357 334
7848 860
224 104
8211 981
7916 417
3682 264
1903 974
583 82
10207 194
680 851
6771 703
10189 715
5042 714
6975 291
10282 769
7141 519
303 663
2031 108
9253 910
6668 816
1359 580
9174 870
9567 209
3873 611
6629 316
1478 810
10338 470
9524 601
4416 530
1220 765
3338 572
8957 720
5016 623
6833 284
8373 250
1130 504
4110 400
816 578
20 69
9454 793
1860 224
4716 753
4570 591
7894 146
4576 476
4503 638
5648 784
1297 825
4306 330
3118 493
4939 645
1551 7
8181 297
9146 969
4241 441
10436 22
2556 28
7933 125
10468 609
738 412
8413 712
5640 169
288 455
1898 666
1581 723
2670 210
789 351
353 729
3607 578
9086 516
2615 819
6699 803
9926 872
8830 126
2284 696
9234 36
2584 518
3451 918
1909 54
6790 749
1193 295
4424 66
3853 711
8307 50
9129 23
4497 415
8039 160
4162 828
6212 803
6383 865
3690 709
8605 316
4741 914
2629 642
7171 552
1363 200
6169 752
9095 861
9392 661
8075 101
5720 419
6512 140
4945 467
4865 42
3881 739
3799 34
5266 250
6147 362
5928 261
6131 408
586 898
1650 617
6651 77
875 496
8397 304
47 227
1913 430
2575 525
1143 507
912 213
10438 871
7326 204
10062 665
3297 611
518 658
3717 764
4211 623
9380 628
2956 226
113 674
291 585
4953 678
1730 808
815 620
2416 419
9578 328
5478 911
1005 355
9403 823
8038 479
532 789
7728 991
4912 552
6502 762
3798 414
3192 921
5302 898
3700 49
8148 90
1107 237
10049 856
8064 602
7188 426
8640 324
202 318
5377 608
7537 34
9625 693
6075 370
3811 933
9805 548
6324 468
7393 85
1636 991
986 2
10118 334
8004 775
566 163
6426 755
8703 187
2672 558
3144 820
1490 273
9440 408
1418 996
8033 398
4488 505
10578 661
906 327
4347 67
2622 528
1480 713
8659 7
1618 970
2346 866
7548 604
734 586
5274 218
9025 436
6472 796
8476 174
9047 342
5206 478
10340 113
7070 857
1810 225
6291 164
2914 177
5109 402
3323 258
1224 232
9004 38
2212 890
6564 540
8292 28
3576 306
9132 320
6917 499
10161 823
6041 562
3330 317
1917 906
2256 411
8540 105
5085 276
6714 405
5118 922
6610 374
3501 179
8427 647
8616 630
6186 767
5865 481
2845 566
8043 158
9342 298
2790 783
645 385
6307 349
7170 380
1288 497
9218 346
4105 823
4671 56
6007 674
3260 381
8421 280
10062 4
10293 136
8420 121
7645 980
1943 913
7953 126
807 595
5987 328
7644 106
820 416
5815 682
6258 359
6930 471
8437 109
10503 103
6875 786
4021 559
6380 144
1037 178
7083 221
161 390
3686 374
14 878
5788 180
8782 516
4491 559
9617 720
5277 304
8680 827
10471 131
6205 627
9198 459
5199 309
5162 538
7627 774
441 246
8448 352
9606 670
8354 257
784 32
8013 218
10260 791
4871 1
4464 146
1026 541
4230 619
3895 426
10179 415
5680 484
10043 206
6725 552
8062 487
9371 611
1341 705
6557 814
781 85
438 663
8432 905
9578 894
94 576
1423 862
436 434
3449 695
1690 390
5986 687
3943 2
5677 460
3488 336
7636 436
10065 754
6593 319
1441 408
3733 955
2396 747
8519 330
4276 21
7081 426
3036 819
4497 489
2130 593
6826 913
8932 618
7875 747
886 498
8268 933
1194 567
4712 410
5763 520
1236 479
4051 560
4285 698
3440 114
3229 684
903 616
7455 635
8096 805
3162 365
2924 346
3455 470
2033 445
7949 269
7285 40
10410 876
1872 941
4652 452
3931 765
1575 603
5857 72
5835 958
3303 258
6571 500
10408 513
9787 872
1696 936
8941 108
5694 453
7406 679
202 168
3105 847
4424 130
9507 666
834 240
9219 402
4838 405
5054 405
235 568
5538 181
5338 885
5519 171
4216 788
10595 788
9272 58
5229 145
876 744
9062 948
8477 893
1392 759
5455 882
7128 68
330 857
250 48
2958 211
1120 228
10270 577
483 548
10200 760
5234 991
7526 485
6040 834
8056 524
8102 457
2716 810
6885 115
4343 362
7585 641
2416 419
6870 527
2529 115
1750 271
6487 490
9855 819
7500 80
5190 894
9488 783
2439 677
10594 128
808 64
1337 32
3839 873
1616 599
8983 521
1875 855
2533 27
854 63
8214 533
334 780
4782 329
7128 676
7463 323
5522 762
4591 195
1305 760
7636 187
5093 224
4798 756
10150 624
6028 261
5287 737
4958 423
1045 373
1656 582
1300 751
9137 950
997 886
937 414
9908 362
2110 118
1758 20
9065 705
4618 657
1845 893
8504 13
5840 122
1022 855
8222 963
9369 623
2838 683
8105 48
3550 748
7101 487
8322 558
770 919
4979 358
4738 83
5155 586
680 210
10565 66
2270 499
1749 412
567 450
489 854
85 959
9715 960
7445 843
6199 965
3637 18
5237 985
6936 484
6525 596
4715 937
3876 555
8022 111
6672 712
6310 995
8253 711
7881 818
4546 944
1118 533
3404 851
6514 501
9437 827
4325 75
6826 942
6837 363
5301 493
2776 13
435 694
5228 787
4724 212
3515 174
2360 290
546 762
2068 292
10612 588
6794 249
2023 876
2221 360
8414 410
2022 267
1574 167
1756 818
2024 296
1871 776
3865 722
649 310
1011 934
3989 344
9947 712
3486 676
2502 189
7919 962
1636 845
6858 755
4307 757
1595 162
5843 614
4869 501
3778 677
10329 425
331 859
145 615
3189 89
1291 766
10282 462
1729 29
9418 537
2880 576
9608 336
5479 313
9968 635
9489 823
4205 553
409 719
5976 140
3318 911
8838 334
3725 533
7489 442
2752 191
4680 68
3990 88
9654 645
4520 586
211 487
10177 35
8802 130
4200 815
7057 64
5846 318
2555 918
592 478
459 371
4362 975
5384 370
2489 135
1364 806
9023 96
7622 941
6930 231
2486 410
3866 217
6598 925
5260 157
5831 345
10532 433
8899 881
352 68
253 986
1954 71
5125 640
389 518
9663 131
8420 90
5603 180
4725 606
9244 650
9775 529
311 281
10227 621
6601 221
1282 372
1737 342
3766 937
4369 670
4115 857
1257 746
7357 334
8567 43
3801 37
9232 160
5784 470
3283 948
1791 482
4793 929
5455 786
1798 606
734 271
5324 281
9548 641
380 737
7569 348
4015 872
9164 156
1647 61
6018 603
10574 581
5856 40
1402 976
10119 812
3831 492
3806 554
4279 533
5026 502
8274 952
3880 142
1586 313
709 705
2773 566
5463 805
6393 82
9403 990
5972 219
2908 836
10559 490
5851 327
2595 519
7565 368
3344 74
9399 551
6005 135
4644 1
5146 222
3703 737
4704 498
3615 324
10556 802
6707 247
1916 807
6167 881
3703 47
6382 503
5804 619
10207 182
164 120
4139 765
3164 90
3620 147
3898 248
3448 237
7966 677
9860 487
8507 727
7684 885
6812 680
5583 958
527 784
10588 73
6886 457
2621 417
1141 621
6678 67
7438 355
1042 118
2037 16
6082 566
10228 428
286 183
9771 819
4020 689
3562 868
6596 884
1994 212
5069 7
2646 229
9868 494
10327 922
5571 546
2864 618
10268 369
9181 601
698 159
2193 560
6088 209
1821 951
7897 352
9447 2
9557 423
2790 961
6573 499
2995 233
7590 252
8498 966
6698 25
2333 596
1212 905
7786 198
945 235
2198 70
4286 413
3906 441
4727 811
520 559
5276 454
10640 666
3523 638
1651 391
7700 656
5597 93
2492 877
1069 684
4572 652
2071 462
1557 841
8659 375
9248 685
2558 54
2270 860
2237 89
2946 469
1935 661
4242 845
7341 776
1576 444
4205 853
4427 135
4955 79
8148 450
5734 697
1588 765
8795 593
1902 214
6564 789
6079 570
8750 875
5829 756
4601 637
8794 63
8816 3
4472 928
10289 923
7222 518
2255 881
7772 362
9658 943
3649 365
241 811
2064 919
6361 365
9913 363
8419 920
2879 418
4327 478
5217 980
10159 592
3755 800
8181 878
3629 109
7979 19
2873 887
8573 476
5324 692
9933 519
4381 276
8306 233
10522 696
5066 997
2358 628
8887 968
3533 118
11 220
8988 695
7513 477
8496 318
9492 676
915 580
6017 712
6585 584
1496 591
1221 588
10090 916
1077 420
4338 293
2905 661
7472 678
9349 551
978 655
1989 885
4180 933
3008 3
6448 51
13 344
7369 207
7358 354
8174 189
5990 649
9817 52
8753 760
527 24
8966 266
4230 576
2688 834
2770 828
6993 762
4878 520
827 95
2445 826
8074 849
3134 351
1232 493
1261 338
1737 45
5797 676
7689 1000
3069 195
1249 306
7014 662
7291 664
3597 479
3202 786
10286 920
7927 384
2478 299
768 659
7755 810
4319 533
6257 398
908 82
5661 125
10395 783
3136 905
9772 743
6808 504
645 103
1131 242
2952 596
4807 767
2348 846
8234 883
3688 465
2320 284
4694 187
4062 641
6840 446
4840 216
4646 797
2422 128
5230 471
4449 243
8069 66
7160 998
2195 642
2335 145
8191 498
7560 231
4028 22
5970 345
5370 174
8259 912
4060 627
6200 910
4413 518
3588 991
10470 387
9710 356
732 635
6684 689
5688 636
9541 205
7737 19
6079 96
9988 369
7302 549
3272 719
585 832
1276 285
8241 270
8985 774
2372 519
9534 67
5643 355
4292 586
7682 977
3020 791
1954 473
2427 416
5269 464
8563 414
10059 524
3984 492
1526 794
10545 561
7337 781
429 100
4591 586
7618 647
6892 451
3363 863
5776 476
1637 984
2988 670
2682 630
10451 963
789 263
8001 390
7088 872
9348 297
4524 184
2180 60
2254 273
8945 709
5956 796
9852 447
8623 665
7305 177
256 753
7256 558
1780 787
9715 421
9367 9
10428 349
4231 49
8975 398
1351 906
7784 307
893 618
4349 869
8780 647
542 363
514 586
6249 208
1815 637
4010 148
5960 117
173 384
5447 265
7558 313
1633 703
2047 162
1440 619
5383 697
8737 486
3625 91
9426 244
330 705
7520 787
8025 965
3760 854
4877 343
132 155
6826 917
8749 401
8348 959
10407 107
6975 865
6714 574
8359 107
4577 627
8811 155
1099 310
1566 888
1699 239
3919 903
10491 775
1281 262
4576 215
1589 445
8083 531
4583 493
8047 808
7369 455
1357 186
7721 887
2008 580
6650 857
4281 481
3435 791
10219 837
8780 50
7027 569
6796 219
347 172
5784 569
3151 557
9483 173
2494 545
3217 410
898 313
3680 49
1824 98
2080 947
548 303
2162 414
7134 334
5246 623
6070 718
817 379
3458 998
811 696
6128 452
234 583
10235 92
10586 74
10428 977
10463 220
5836 309
5432 560
1893 141
2795 258
2614 30
6598 192
5555 83
522 538
7944 220
5871 945
3335 565
1174 518
573 577
1445 953
9752 743
3063 878
147 984
4053 881
1477 833
6551 169
5426 880
8368 321
2139 490
10360 503
1295 782
1089 546
4958 181
6364 631
7124 904
3775 205
10587 563
921 475
2351 830
3609 940
787 195
4648 339
6202 996
7105 59
3144 885
2028 209
4330 730
6166 995
2769 96
5938 353
8823 906
1246 962
7925 671
5208 150
10605 145
7497 309
823 986
4242 391
6962 423
2460 950
10535 797
1547 128
10471 509
1338 612
10377 557
10037 899
10222 958
3936 521
6440 330
5980 835
893 154
491 884
9478 236
3821 445
10564 988
2821 552
9519 699
10475 664
9414 168
5554 782
7898 115
9336 193
4891 46
8662 650
9823 16
1799 897
6654 262
3412 454
8509 314
10276 782
8153 395
202 602
6481 482
6252 736
1975 235
4958 579
10637 91
5928 304
2091 356
10490 812
4796 789
3614 121
9152 931
9581 909
7011 457
7389 289
364 549
5899 37
5595 552
7400 558
1418 669
8303 374
1357 579
3601 61
3838 929
3499 375
1485 641
1670 417
5752 689
6470 548
7601 224
5336 867
2747 522
7414 945
4091 305
9344 390
10404 974
9203 562
7828 63
10147 879
10271 344
526 958
962 549
14 448
3903 507
4429 716
1777 936
6763 107
93 212
5610 837
3596 935
7741 895
9129 33
4637 642
3446 330
3479 878
2854 7
7988 536
8573 471
5054 262
4347 313
10010 906
6382 776
9639 281
7531 169
5838 675
7517 487
8422 155
1079 968
1613 75
387 692
7458 694
160 240
5557 402
577 62
4139 544
4515 853
7632 228
472 237
10024 531
1043 270
1301 723
4345 665
2070 542
468 168
1253 340
88 354
7394 419
837 184
9587 584
2235 331
6885 112
3759 70
3647 499
2697 716
597 559
7993 729
10204 510
6672 96
190 367
3491 503
6429 370
10042 609
5124 288
2938 12
5854 268
4952 592
10079 264
6462 457
4336 815
6645 331
6660 246
5001 884
8490 935
5285 793
461 386
1330 368
8008 807
7600 151
5807 622
8072 389
3043 392
1788 440
2346 342
2333 794
5385 453
7279 184
3244 439
4226 951
7840 911
7620 57
405 354
3045 317
1920 146
3428 246
6003 275
1092 795
8206 453
179 557
414 990
5320 43
6293 201
1052 707
719 553
9607 880
32 128
2223 77
7846 623
5067 416
3037 391
5355 107
4883 741
4857 349
7299 802
4005 843
3679 547
7729 804
8354 597
6186 359
8925 7
7708 39
7384 883
1841 489
708 126
6166 938
4885 243
5796 947
2052 438
2634 467
9862 632
5784 661
351 95
6621 552
5958 5
7599 728
1425 180
9977 602
9239 134
9710 905
8376 113
7848 648
7788 560
4860 39
3473 845
3554 702
673 400
1952 168
8973 829
9878 238
6776 52
4977 85
2961 301
2810 68
5681 109
800 679
6346 725
10256 158
6397 756
4195 787
6371 611
4809 249
7566 970
2463 312
7631 417
4206 759
1175 714
7183 857
8652 383
10361 496
7621 753
1123 595
4963 642
1414 373
4527 623
7439 894
2414 473
2109 359
10398 972
9728 837
4162 804
10394 943
2661 784
6397 444
2664 370
3868 692
9217 421
4191 57
5688 540
460 807
8126 6
7598 648
8134 925
2063 174
10520 797
8430 854
3233 359
10413 819
4177 669
6792 34
1772 414
8660 380
612 937
1569 995
4057 890
9401 255
6982 684
9997 396
9973 301
7513 472
4153 517
9953 199
2481 513
5538 392
4088 53
4625 916
3999 600
3084 355
2393 70
422 362
8336 472
9868 928
10610 867
750 491
3765 181
1256 289
3674 616
549 969
5792 455
9283 748
2855 370
2102 24
9101 763
9594 588
5021 880
2793 171
2198 507
6340 659
9765 699
8085 959
8779 249
4894 994
819 450
6956 61
1395 689
4315 744
8355 596
5443 841
10482 902
9856 922
10059 295
4670 143
9295 651
493 153
9548 550
4296 275
3015 174
10260 258
6395 746
3407 928
776 787
10305 104
4579 189
1291 438
4103 505
2357 219
5197 441
9322 673
632 80
9575 579
10485 550
430 342
7145 248
3725 382
1654 585
7215 779
8327 36
2325 594
6812 565
3406 82
3318 103
3261 876
3716 355
3667 674
5942 422
567 251
2695 488
8940 303
1819 292
9037 349
9796 563
7182 73
5891 527
7004 151
6368 860
7938 354
9739 102
5069 93
4877 407
5239 382
5916 57
6560 59
2530 976
7018 831
4873 325
2925 909
8885 598
3338 956
7553 422
10217 839
10427 675
9922 750
9956 594
4806 819
1451 258
5589 356
4526 543
2316 985
1170 323
3497 852
6223 849
5768 737
9837 899
7820 288
1002 231
2430 728
8685 89
1833 380
9170 747
1007 724
10332 932
3805 524
6124 509
8642 118
3343 666
10642 427
9409 478
452 148
2247 80
5812 338
1157 846
5229 449
3586 641
5624 31
1440 751
3277 693
6823 401
918 486
7960 431
7460 704
9123 586
533 918
9111 743
8500 730
2274 639
6308 752
7370 87
4290 654
1396 869
4886 72
4189 728
10303 261
8338 390
6801 339
929 774
454 221
2175 725
2962 478
3830 609
3857 707
7308 29
8016 594
4638 624
2555 381
4859 16
3270 985
5921 136
9411 672
3696 206
3553 640
10275 35
4703 77
633 418
5542 680
8571 256
7328 80
5050 117
66 834
4449 863
4874 467
6564 713
4934 252
4768 114
8884 835
4782 419
1798 455
6471 604
3447 793
2 736
7474 546
4963 23
5562 861
8715 845
4814 639
1390 376
9677 251
4358 701
8824 950
8718 791
6896 363
8852 427
6856 517
10358 341
7223 605
3478 278
8789 209
5874 82
9679 914
2455 913
1758 294
75 341
173 277
787 789
7306 462
574 643
3146 755
3615 481
6676 445
7785 835
768 826
1975 309
9383 382
3592 83
1794 707
8890 508
9944 987
3215 89
7567 465
1172 539
1461 788
3563 545
5285 846
3934 736
8372 369
9167 336
1744 67
8641 859
3581 32
5649 743
8308 15
6253 709
1080 769
7939 924
1926 40
7890 456
2964 91
96 941
890 733
10597 246
6998 618
7354 514
9411 948
1840 428
3329 703
9829 675
3109 777
3015 133
5376 597
3617 229
3280 446
8757 634
3518 570
8230 623
153 820
2431 653
3541 309
9802 310
7515 832
845 52
1308 769
7216 1
2423 431
8997 676
2782 740
7395 259
7848 672
9073 354
9841 561
5357 412
8705 433
7736 354
267 695
2283 322
585 163
2826 87
9438 835
157 641
9825 637
8047 717
9371 887
5953 375
3542 780
10136 640
2070 35
10127 122
2291 862
2217 553
7656 482
4981 228
4759 300
2128 752
10193 289
5420 476
1214 133
2711 912
8432 764
3042 428
8861 116
2639 793
8212 204
9566 58
9057 730
7862 607
10339 236
898 835
1193 86
2452 139
10117 910
9427 399
5545 41
5392 99
3781 116
4764 725
1038 943
557 722
9118 653
7791 239
9936 297
1544 576
8660 804
4812 56
1729 360
4965 940
8241 576
1789 96
10272 934
8406 471
5659 985
5145 994
1603 686
9423 755
1011 71
8552 461
7079 215
568 947
7281 217
4185 171
4541 930
4229 183
1626 577
1750 955
7499 13
9639 240
3281 832
7168 949
7184 74
243 559
9337 772
1662 68
3377 715
6475 754
3868 436
2052 869
3844 16
5766 180
2053 920
3429 490
3733 396
3078 999
1982 41
7200 893
5863 13
9834 607
6945 101
7917 393
3069 19
3691 548
1037 340
7068 690
2798 192
1215 256
835 260
1081 741
8596 391
9050 86
9821 27
4569 939
6482 542
10532 235
9419 609
7745 905
4469 609
6482 531
1755 389
6539 607
539 553
2317 595
9532 209
5104 237
6439 334
10066 911
5024 360
4878 355
10450 284
4145 693
9933 761
6131 20
10199 909
4010 824
8290 419
3739 291
6487 233
9300 808
3665 590
9751 885
4839 769
3480 889
5827 801
8974 921
3112 929
8153 18
1140 686
5198 25
3292 754
8207 784
10611 522
3393 767
9072 831
9775 329
3534 141
1167 83
3066 18
8381 192
5698 817
3856 452
7950 726
9293 595
7306 89
7718 70
6044 694
3542 766
8102 329
2079 707
8022 48
8935 582
8784 780
1115 701
1608 145
141 154
4169 630
6040 935
4436 655
9331 862
4415 681
4216 424
4912 939
5452 372
9572 98
5990 111
7978 207
3902 414
1298 981
222 48
10637 646
650 562
2473 752
6289 467
8048 859
2016 707
8118 536
9867 722
5959 436
8583 879
7971 235
5642 620
680 705
2354 260
4025 782
6312 679
2313 628
8515 140
5590 338
5708 713
5366 845
9148 10
8461 415
8854 312
7701 534
9322 514
1152 97
1666 764
8112 445
6958 914
2546 317
8789 164
9398 904
2011 578
525 830
3029 558
10049 363
4538 456
4432 273
2791 244
10630 598
60 848
4849 213
5162 1
4009 132
8145 759
4599 806
5137 511
482 958
7509 178
1874 113
9580 818
1717 485
7320 867
4168 393
34 953
1598 120
4569 302
6839 542
5542 848
7699 412
4927 275
1057 974
720 491
4335 527
9456 297
1387 890
3227 602
6197 640
5882 980
9182 291
9318 107
3957 38
9138 71
7190 651
4967 126
10364 244
9181 870
7075 277
4951 168
1202 629
3892 100
6216 9
10358 648
9322 324
10049 879
4026 827
2607 383
5001 579
381 82
46 748
8753 623
1440 626
1442 649
2317 975
9000 901
5768 817
