6218 525309
35977 510
6730 244
36012 938
26919 792
5125 54
37559 146
43923 78
34635 617
3569 632
30851 945
46110 511
52210 171
28594 37
8290 114
4758 724
30914 813
19519 683
20162 593
19450 871
25035 209
49258 428
27103 529
5656 906
36307 817
47363 529
34826 287
44909 656
51522 448
32467 256
448 552
3760 13
25161 366
12858 472
48375 402
9316 902
4035 647
28886 675
49935 719
50146 453
28970 578
25250 165
3662 430
8688 371
39376 880
32248 293
17995 332
4406 805
18502 305
44318 702
3229 735
20750 157
24477 697
25104 974
49116 693
50189 432
1297 32
35577 950
2092 735
6892 869
36140 14
27750 547
5698 124
34912 163
41624 215
25591 442
40118 277
38830 865
35475 324
15558 736
30911 413
46071 852
2659 811
46781 916
16459 571
7708 948
45489 858
48178 686
40860 355
44232 534
51479 118
13607 994
18315 793
47579 408
38320 141
244 557
4840 660
13638 955
98 39
10817 945
45959 97
22792 605
28698 517
48250 578
25575 653
16478 725
15328 717
357 1000
51093 240
38595 371
30258 659
18357 514
34581 893
4345 746
26427 3
22246 467
48284 88
10298 905
28763 990
41007 53
2669 372
41339 196
32294 374
22517 516
47489 156
8883 14
49378 305
4934 299
7415 282
45991 612
42437 445
19303 337
13347 114
28798 841
5761 763
39753 785
20012 306
38623 736
38575 932
22598 441
51521 255
15022 491
7556 723
50698 775
1215 836
46247 50
15720 109
32967 478
14345 569
42837 656
51821 963
33555 100
3707 181
32017 115
24948 111
20629 923
49946 332
11279 760
17943 355
37612 73
49903 268
3401 590
38250 257
16209 927
24549 806
36407 228
33698 503
29456 470
49854 608
10257 733
39723 90
22106 103
44683 878
34329 999
1354 538
10344 889
9203 308
42842 443
20262 841
5332 818
34680 432
23993 331
34016 202
28601 475
22256 668
3760 177
33091 164
10471 163
1479 743
33353 830
50264 946
15599 643
7916 874
34312 992
31522 397
32576 332
22867 853
3636 626
16595 956
45393 97
28421 640
26061 638
21617 503
10040 829
32539 196
8201 777
2583 357
2771 901
47969 357
23106 283
43733 54
5638 578
40390 657
39692 12
42876 754
11382 68
12782 505
23530 46
16479 541
7611 652
24334 2
30614 500
3082 237
34931 328
41826 328
49756 338
25438 81
22121 829
12553 547
22117 765
21255 983
32081 299
17982 845
34467 437
3204 379
41975 72
51769 432
19648 944
45523 204
7457 658
37271 25
28865 919
49864 949
52084 829
18575 62
16914 272
41997 166
33608 353
46641 621
44244 489
42189 909
8398 260
50925 630
43150 840
9973 644
13428 986
8767 128
14357 424
11757 491
41062 931
46042 375
24300 452
32964 121
12576 778
42754 773
19719 116
44904 834
20758 850
35565 337
10863 609
7938 162
50131 858
40492 848
5301 654
52078 858
45047 857
33096 115
15337 872
38372 139
8037 532
29088 714
31609 515
42718 497
12323 407
28597 743
17497 5
38432 718
8305 779
29273 871
11080 436
9174 37
33238 174
43316 243
21059 683
6284 576
8869 857
8026 803
17447 763
20385 57
51537 990
12578 611
47559 949
38672 591
37967 881
32156 63
3282 609
36171 642
50981 794
43343 912
27005 412
41699 825
32980 980
37901 183
42635 511
7458 265
26193 141
41357 87
10101 318
17680 178
9721 724
8521 684
46999 752
1368 957
40544 334
52471 540
29783 2
503 201
6286 429
29321 363
36901 469
45499 988
36506 547
10201 340
47899 371
23855 370
3093 553
14040 96
6 452
18402 158
15346 193
50643 17
37894 404
23665 129
46817 892
3416 64
44613 335
23869 503
39171 638
25906 787
13114 548
15378 462
11885 747
6646 111
35972 122
48810 390
44469 930
44434 720
29510 75
32657 893
14796 646
14223 755
31760 266
33786 882
5175 306
32051 446
12170 560
12858 142
48274 763
29091 237
32335 177
2878 348
34482 881
43090 997
51815 232
36106 429
35419 775
36793 170
51536 50
39585 579
34201 662
25760 215
44294 178
27894 992
43070 587
38742 560
33794 938
13524 185
20931 498
47105 717
3526 485
15193 862
49110 599
25957 279
12303 975
26173 88
39651 456
47858 157
39732 811
35538 801
42287 161
14001 307
19933 406
1365 791
18690 657
26598 459
10619 566
51977 316
454 853
48337 792
44296 414
43745 293
27368 792
2118 962
49975 255
48549 427
39397 198
33350 533
40323 305
2613 825
43416 519
43364 849
30976 926
47920 546
27341 838
43244 663
32359 695
16812 166
44921 631
39127 408
8465 426
12801 802
35355 435
52030 483
2750 297
42480 128
11796 267
25467 10
32968 628
26824 953
44352 713
18434 609
38447 861
50673 610
38612 607
41915 940
8622 193
7748 754
35634 149
24981 915
39520 409
48361 274
31844 85
13070 101
45359 880
32154 433
14745 126
15857 669
18432 361
24092 936
25922 107
5352 663
37829 931
15933 144
8574 258
36667 703
5671 552
23988 484
44800 710
31642 801
14628 627
12919 57
49745 234
48988 440
35408 816
6748 798
32610 6
29568 97
3433 936
30414 190
19312 553
12371 967
2629 635
10732 147
17344 606
8980 702
3324 38
15110 295
41016 319
896 865
48241 119
19632 968
9088 578
41048 117
19982 205
2858 224
18023 694
13856 755
39912 329
6615 265
3230 313
35984 19
3062 682
52119 917
14358 338
23194 50
51116 796
45871 23
9944 969
48898 147
38809 677
9974 812
45713 650
31759 932
12652 512
16389 710
50135 809
12296 49
22158 910
27749 525
27918 404
8262 731
40940 473
23567 628
49794 908
3232 360
32666 680
28501 77
23238 910
25893 392
35394 981
35360 485
9562 177
602 716
43810 213
46933 33
4431 449
31647 39
27793 493
23051 460
15855 44
21308 834
43927 314
6076 811
35958 822
27761 932
21886 81
22687 419
27361 856
22111 866
21571 970
6825 598
19790 753
6803 892
3901 831
10911 578
21687 999
45076 388
42988 711
23605 511
45025 247
26482 380
27104 470
40051 349
18380 519
29314 66
36354 405
23132 861
34702 124
44390 140
28602 738
11441 479
42573 597
15426 27
42702 431
40602 135
27789 66
40276 941
41494 315
41542 125
41064 438
42905 456
41692 445
45241 894
300 569
35557 153
16612 990
22042 561
41354 329
15880 259
30753 88
7560 196
49600 741
21528 254
27006 152
13126 325
22663 263
25407 620
28215 715
49567 565
19620 673
43322 410
41111 390
19165 905
43037 750
44723 7
31345 853
8182 306
23333 704
49658 622
31855 744
775 775
28004 224
33661 612
25521 961
10733 363
10459 713
49168 971
19885 772
2711 844
41020 672
6475 414
11781 241
12412 336
13162 950
48255 750
43632 342
41879 885
48607 445
13802 952
24402 13
5267 180
30557 925
20626 379
19285 452
10770 305
20062 501
44174 611
49954 962
23581 91
34818 645
29510 754
20737 113
36679 551
4559 310
33574 479
47012 914
38054 720
2814 949
29082 871
23387 271
644 237
788 456
28891 823
8887 668
16681 209
49558 385
8239 913
31283 809
26366 200
2600 867
36642 750
20166 668
38949 846
20421 818
33771 744
34400 976
28275 831
49913 369
41073 879
42134 547
12951 650
39763 5
4490 191
23723 879
24772 344
35639 788
38998 472
1543 764
42348 48
26461 928
7275 797
24786 482
20391 698
30257 873
14957 1000
5465 661
8087 171
50313 184
15269 533
48826 68
4937 71
47546 839
35720 777
31196 893
29649 122
24898 378
40164 854
30747 539
48310 74
38843 963
46631 755
44938 442
47760 612
30470 856
47096 844
14956 427
2541 366
39971 801
43420 578
10682 841
46775 37
15925 624
36559 401
43463 78
51101 894
40954 428
32683 799
9293 334
19764 436
39601 393
24641 672
36239 58
32840 195
19216 949
2825 205
35979 91
3279 372
6169 705
49661 812
33504 771
41076 270
19367 139
15617 751
301 938
1561 855
2367 84
47074 328
3265 946
14862 334
15485 320
12742 240
6183 342
27710 694
28767 592
19996 840
19699 626
48783 908
8344 298
5885 774
49542 538
43807 240
47242 33
2729 426
36385 70
49339 641
10624 477
5009 517
14482 231
15413 54
40075 731
36418 29
28191 737
41351 820
23777 588
26951 872
41146 16
1649 296
51127 557
10041 264
19312 374
11458 416
16607 773
18971 593
4898 839
45517 780
6760 405
14747 998
51912 997
35298 559
16617 994
29496 701
16481 504
20054 214
32860 1000
26881 446
22355 79
49382 340
22787 929
49943 782
13345 250
20161 30
38149 280
41908 473
48726 661
24097 273
37895 516
38001 427
47136 706
51248 179
24118 548
29462 367
24058 381
14243 722
44563 290
25536 302
24907 112
2481 373
11645 746
41531 774
36647 523
45991 365
36483 370
26640 889
13929 944
44509 559
21022 770
20887 792
32866 790
5716 67
5176 559
35280 837
15936 603
32938 74
42359 615
37535 693
45200 213
3844 306
47384 974
11132 540
16694 977
1796 43
52003 188
44901 605
33049 550
31083 454
11618 275
25640 13
17314 398
30311 917
46790 516
10915 638
16133 256
40763 437
32641 446
29097 193
27831 664
32354 968
20021 19
16271 706
26033 251
47162 937
35186 806
7071 274
19504 107
30101 699
10451 768
10815 333
32028 715
18398 817
49406 165
26220 783
5876 766
17138 537
11945 513
34532 948
46042 262
23536 914
14469 764
17149 724
20717 474
30738 679
48324 442
14307 842
30513 326
41731 49
46034 170
34241 601
8160 147
32148 823
17314 562
47546 771
6268 363
24752 160
43770 742
27240 6
14667 483
35917 823
26520 785
19317 998
194 645
51340 970
43648 480
48436 439
14145 189
23189 405
40477 707
46662 765
13603 932
34202 494
30522 466
47992 217
23294 235
43831 846
47920 287
38307 596
12172 691
16859 554
11940 389
26136 464
8428 400
49442 902
22932 998
34565 379
20626 897
48057 397
45540 350
7523 216
52157 459
29104 88
8035 163
46604 574
45343 731
11328 616
11112 484
15027 814
21397 469
34169 573
26345 862
13786 494
35101 674
2251 236
30422 227
46904 559
37757 163
51470 433
13798 861
51422 129
19556 399
21497 785
13939 923
17745 738
36838 168
35380 854
23403 765
5263 24
6336 151
36284 145
35670 275
11930 475
28933 770
5504 739
19549 817
13242 990
27851 837
28276 312
1702 805
12289 329
4437 577
1869 876
47028 493
50627 801
12992 574
23234 151
46381 917
37470 434
29131 567
23070 339
18496 506
6509 199
27855 907
48711 593
28917 431
33494 221
50801 749
25564 154
40202 625
31199 442
48517 515
2596 54
36613 417
116 282
49767 647
35248 884
15796 162
9210 366
7423 565
50365 451
19934 251
42591 65
17813 70
5270 250
8025 648
36450 464
138 525
46993 520
35066 886
6485 240
33927 900
31758 784
42083 272
1254 601
2502 155
35073 628
7233 832
35117 401
2129 225
38752 488
2631 717
43746 515
49487 494
17652 854
317 172
16765 33
10602 83
22168 718
19257 117
32183 896
10241 655
21021 317
5174 318
42971 815
6141 702
8143 498
38516 912
8169 805
9326 879
18352 586
31000 921
29076 143
24256 668
42726 184
4116 494
19832 375
40294 888
45083 795
4151 618
18150 552
45913 724
35476 719
40027 218
8664 635
22840 817
42055 168
3824 921
36274 43
21300 191
4557 773
19448 492
27167 608
50521 267
16840 585
9959 340
34131 172
45135 50
41472 55
26656 50
2836 740
49352 273
46603 652
25618 375
45811 988
35196 217
1108 654
47064 904
42954 452
40326 261
7929 192
45575 417
8363 919
48980 979
29798 760
19081 456
8253 334
5162 473
30743 360
4557 867
38785 550
2792 774
7432 438
26432 949
23872 915
7059 723
27767 345
38981 766
21345 632
13750 740
42990 853
38514 339
41217 913
5093 831
33372 717
9163 102
16996 865
6465 308
39082 895
35389 611
20920 317
41712 202
27779 192
49862 493
15871 486
13806 120
27024 588
12818 817
6055 136
5863 895
25525 397
12499 37
45776 257
28931 269
2425 589
33660 292
32641 707
49425 164
7725 288
35200 519
9752 100
7652 408
21833 63
34307 658
12370 60
22784 236
34214 478
39148 69
20551 295
20227 722
7575 936
10218 236
13838 607
25680 722
38845 57
12440 128
26914 964
43762 372
38478 414
5007 799
26156 141
5396 158
40899 528
8033 183
22136 548
4249 111
51199 353
38378 674
37266 90
36674 732
20341 999
50326 814
45918 426
8346 921
31564 508
36103 180
1826 530
20683 639
7977 904
19211 905
51778 955
8532 423
50660 269
35445 419
628 558
47446 210
4264 732
15325 46
10958 886
41392 353
23130 932
37223 725
23730 917
28218 549
25175 195
7612 61
2024 14
23253 946
33335 554
6537 906
36777 564
33621 662
14174 260
45999 331
40129 56
15082 216
46000 997
20190 530
4340 264
28466 537
47110 523
12604 320
50139 481
26828 332
46674 798
2424 943
36945 112
4284 946
10622 952
37385 105
45972 861
9819 887
39870 553
40255 246
1825 466
28530 729
50648 275
41313 168
23442 214
43025 622
4105 156
42197 64
36107 329
52330 637
4879 29
22632 566
17339 124
25187 448
19414 128
935 945
21178 247
32005 877
16497 216
41306 982
4548 191
49319 274
37174 301
2108 706
39790 346
15619 506
18506 565
5546 431
2992 385
12298 895
32781 2
18410 867
1819 291
18295 172
26825 471
45109 969
7002 549
10486 989
43444 372
43980 796
40676 252
35058 467
35964 531
13997 4
48194 250
5785 567
26833 845
31996 938
11058 951
10979 409
13827 593
4192 951
17453 177
2233 139
13724 222
35259 790
14023 689
23134 566
27936 416
11636 962
4589 76
11893 94
42006 484
2959 88
8213 355
22449 186
24481 272
51634 923
45179 110
2047 360
11534 553
28524 587
22437 965
37344 80
29859 822
39772 813
24319 215
49031 290
2905 907
35449 670
1301 304
12624 358
36929 270
3582 637
49187 658
10096 79
50976 583
37577 489
11441 673
51143 743
20233 182
30600 919
21814 314
33107 628
24465 182
28900 528
30233 912
31291 912
28666 487
34663 963
5679 410
37085 911
35759 20
47218 922
11943 988
14611 954
32335 253
43095 77
17650 822
1525 849
15830 69
12901 43
42543 18
23709 8
29505 670
7706 344
4753 644
8959 559
42950 477
48391 287
38558 105
12387 131
43837 7
519 798
17190 259
43619 43
18348 921
14623 683
18334 319
43932 761
39902 473
36173 999
1115 90
8392 308
1812 780
757 36
12542 530
1639 512
34226 947
10964 608
19868 288
28891 389
6603 75
33811 115
30020 231
41680 575
34950 292
31240 19
49605 68
2266 705
36093 725
11894 923
40499 538
45233 815
2975 171
19892 626
18999 963
41565 177
3958 47
3800 963
41508 322
22506 419
36345 618
48540 211
26707 205
32533 112
29610 335
17768 967
34343 231
1220 672
47957 227
40084 506
36689 822
48010 327
16271 983
7533 711
48091 62
38903 235
2948 238
28990 79
45059 843
52282 846
33965 414
28967 132
21019 530
6867 811
49383 162
50827 484
9675 920
22011 620
45115 776
38132 592
29753 736
14505 157
50904 553
46906 811
44248 962
15733 342
18368 462
18150 853
23150 276
51499 300
5209 166
37355 364
9480 13
7696 150
315 790
5825 894
15580 45
7179 635
22957 331
13303 333
47730 936
27251 350
41732 493
513 190
34816 436
46186 828
2560 141
27643 224
21828 892
20382 757
29227 224
14939 76
43395 910
16826 136
30899 582
20743 888
28485 851
12801 909
51380 313
24985 791
14316 974
43813 480
33844 649
51528 730
44445 949
52512 278
26655 110
28218 504
10642 105
38643 554
43532 918
17062 3
34465 133
45902 322
21710 440
39303 433
38487 218
31245 136
39169 558
38104 496
42333 712
36030 71
6858 43
38489 479
11523 123
23035 878
2776 760
39426 621
49962 691
22373 530
25673 75
29160 277
17548 358
21663 716
7209 569
18451 434
43045 620
30966 786
38290 480
2939 147
21710 572
16531 840
36937 452
35353 216
13925 339
7048 345
7476 777
6258 326
12858 844
33137 792
24869 885
4146 813
29908 270
3379 162
5365 30
21672 201
5437 608
14428 891
33252 461
17982 888
42166 416
26010 175
21061 443
11347 343
45641 342
10917 757
38891 724
9455 543
6756 740
22042 41
19027 363
23135 359
50290 525
36937 34
25584 789
4721 220
26638 713
7010 872
29575 326
52407 779
28870 972
45312 492
1927 925
49525 716
34467 681
38475 193
27215 641
14992 659
48099 394
47522 607
5856 413
5234 758
23713 722
38724 159
35674 839
14316 884
46723 175
41850 652
18739 357
36474 799
32599 579
23266 245
27599 848
20499 321
27689 705
1523 964
22163 59
25557 91
18589 696
9466 518
1254 696
49993 432
40069 878
6669 125
18504 556
27073 40
21704 550
10091 174
16674 370
19765 466
40238 162
17310 824
31597 954
50277 140
33945 610
1790 632
47107 856
18735 163
2797 386
6187 527
34894 739
797 237
6261 216
43782 891
35263 787
22385 644
20451 431
44540 428
19366 386
8588 682
13056 625
41586 360
17730 183
36293 595
34812 42
12924 236
44321 725
15259 636
31837 452
9806 704
23500 21
20506 360
40108 113
18807 959
10930 769
13891 154
29165 829
41370 575
47302 732
38271 851
21316 383
33497 156
35256 294
3270 858
38108 3
12629 303
36904 855
34658 151
6222 800
27872 564
101 211
30624 746
30750 720
33229 903
44714 256
12658 453
16172 387
34035 232
17985 113
50634 795
29773 287
42422 824
7261 486
11866 541
41798 400
3908 234
13384 216
34711 431
3766 38
38559 42
38063 903
39850 977
41757 517
34987 412
23470 616
52416 41
17707 93
40094 520
52021 633
22202 405
18952 160
48391 182
15487 605
50675 740
23645 42
12318 944
24346 439
44082 727
50643 314
34378 437
973 694
11324 676
17636 205
46655 895
28409 631
19746 280
26270 840
19168 107
40993 273
45050 615
33066 189
46197 839
14268 672
9975 897
27058 288
46775 943
11632 764
36363 756
36422 32
34983 231
20370 292
49448 766
20112 82
22965 554
3546 641
2057 99
36168 2
33075 640
6031 123
29473 500
27337 271
44752 818
28675 198
39600 217
48542 174
25531 364
3068 390
27684 24
29018 771
21340 780
19864 78
13975 393
8826 815
48952 514
49875 252
32052 51
26850 612
36551 621
8596 397
35716 753
51272 298
46274 718
10033 245
32942 551
24402 173
43020 108
52095 788
43 143
23851 576
32300 337
30516 988
52055 342
904 469
34509 792
5442 752
18620 819
1391 714
24526 875
6310 327
17631 674
20132 574
47889 233
11515 719
43994 252
43630 588
37930 613
8874 275
48872 576
6385 815
49135 778
41521 685
32625 124
47370 997
2765 72
38580 605
18837 209
5471 274
6176 18
11018 711
14565 352
11623 863
40556 573
49728 756
51509 33
989 372
7627 116
29733 820
8131 342
32152 442
50746 954
27815 193
32908 600
28815 161
33581 470
21039 472
41471 183
3957 888
42298 145
25462 121
16981 99
5737 644
30136 744
7125 123
15776 999
8246 808
34503 946
48705 750
365 758
37418 598
29872 806
22727 270
13640 52
41827 92
2171 973
15481 606
40777 699
19024 813
33414 568
40421 367
44159 926
32319 233
12562 8
27976 750
50202 798
51530 263
12965 550
23299 958
3736 749
15462 627
15132 151
39687 929
8632 573
3148 424
14769 644
11566 75
19115 88
7826 568
15574 457
46077 730
32460 322
23293 405
21127 693
47921 226
21223 552
34408 398
24617 61
29424 276
18710 884
31234 91
24617 461
48633 609
51233 265
40826 981
32782 744
28996 379
14748 109
44833 641
49758 620
49697 906
41568 742
20275 479
48910 990
11907 865
20655 949
39757 59
23612 516
51095 56
47412 286
28317 804
11966 740
12201 495
27079 99
6684 882
45086 917
20665 869
25883 303
22603 340
6180 10
8407 183
647 945
17925 642
33782 441
13982 240
38709 74
31014 543
7834 742
4858 4
35297 447
39664 608
31586 121
51587 398
42692 999
4345 394
14730 780
2855 155
46663 925
28292 713
37816 398
21632 41
22304 624
37334 450
13760 925
48319 606
20460 94
41848 553
13163 132
50599 651
18863 444
47657 594
16965 392
26589 406
29872 68
39878 105
24604 141
6685 11
10291 385
16115 729
44225 44
48715 622
46201 318
17216 22
28868 429
16026 353
50415 260
26442 59
31189 342
50483 921
34423 479
28589 982
17923 274
43510 636
33430 786
12634 732
21444 322
10584 279
15135 67
14708 987
48899 888
40928 460
15800 655
31768 141
50663 172
40516 596
10886 971
15467 970
27452 954
37968 311
15126 34
333 969
13038 605
44494 466
26815 566
29897 902
34529 763
13773 47
17948 253
21036 242
22157 14
23002 136
14051 198
48447 949
23353 450
40494 126
13213 610
48503 456
37908 985
10402 247
890 272
47355 324
33968 655
21512 434
38388 304
42875 953
23000 834
19218 820
36036 572
49578 660
37461 823
7347 76
32715 457
28666 213
35322 942
39624 125
46432 923
3438 807
23852 606
28919 922
40305 49
35928 197
15469 891
35931 582
44784 494
50046 757
51368 851
39731 31
28485 613
19027 421
43923 715
15373 293
49126 659
6789 392
2357 558
16083 137
29255 999
29254 95
35287 434
34445 426
50191 76
51324 167
24769 874
51654 445
33042 775
4769 31
42362 252
25496 477
40753 139
6876 338
40430 533
691 515
29343 959
36496 528
24200 640
24125 94
24662 101
19996 76
35707 704
11254 327
39359 262
18290 798
22944 984
28834 876
20245 929
10554 974
7714 965
49041 220
98 882
42424 371
10674 528
49606 706
15546 715
12360 512
48710 814
48359 112
13460 532
3774 579
8414 565
38780 132
21753 205
26649 402
46938 222
49194 980
20224 336
1734 227
43207 308
46659 590
24048 349
7901 203
8734 128
22660 397
34948 307
9689 932
46217 642
4826 354
30735 443
35905 805
50010 270
26985 986
31595 832
4407 535
12018 376
21432 975
11139 109
18173 621
29510 946
192 689
44811 481
23016 773
27345 83
23345 695
5351 312
26532 736
26899 149
52153 629
19135 657
4407 679
42730 480
23220 738
51393 861
38613 28
21376 976
49683 608
18862 928
6244 912
38091 125
2499 745
51530 251
40632 754
18062 628
48700 867
49116 78
39456 8
26714 908
40404 849
17881 846
72 415
42415 6
13024 813
13882 377
32569 102
23201 358
47687 983
41022 175
20398 180
43470 754
23033 248
70 545
45042 257
31018 55
7872 786
40045 307
6983 617
13222 649
9336 77
3502 272
31292 279
20096 607
9284 920
32690 169
12233 333
44939 674
31031 728
9482 583
26929 813
28571 519
27518 671
16087 440
24757 712
8236 862
281 420
11339 577
21214 123
44979 792
8426 655
28683 556
12994 7
43533 458
46564 505
11757 647
46158 284
35464 650
42078 732
25384 625
21845 798
26629 359
44853 708
40900 744
39013 166
22631 585
52010 573
9670 774
48824 583
13461 51
44446 181
41604 531
24383 899
43873 628
33652 528
5906 263
6014 46
31431 16
46203 456
48927 523
6691 432
52429 88
13814 819
4199 682
13543 530
29388 287
1790 797
10352 482
8429 83
36241 993
26103 289
15983 202
22637 36
32547 59
35258 259
16702 250
31041 914
3286 532
22053 439
22693 741
46647 332
25985 75
29773 687
22106 587
44228 647
44357 511
36540 105
9727 302
26143 343
19071 211
47806 196
10657 136
4039 802
41333 447
37567 673
21780 927
29469 111
21885 732
12818 233
9969 343
35666 340
13693 451
41683 84
37550 938
28907 913
21210 573
30250 945
34315 714
2505 921
18511 299
44895 540
49741 450
48649 347
30009 303
21190 286
10004 487
19694 116
6304 830
8740 635
28711 840
49640 207
26664 590
16943 611
32407 118
25662 812
35175 81
26763 192
20182 269
45516 173
19482 682
38260 61
1883 337
8666 41
42157 852
46039 404
2410 929
6170 179
47620 884
37402 503
36484 449
30067 545
30028 113
38690 961
21881 449
24757 29
34773 330
19921 143
48412 565
6896 725
19573 913
38949 377
29419 254
17972 338
26863 198
2384 341
27805 685
14935 104
17694 455
37051 189
41858 615
26733 654
43783 592
50587 79
9304 410
22859 576
44395 674
24792 341
2614 481
2073 667
52406 912
38453 181
29376 538
17019 930
34892 970
37045 241
26322 85
43918 489
21736 17
2150 296
39885 833
51217 808
681 145
8649 119
10079 520
34407 274
26136 703
38416 967
4325 981
49894 939
27169 966
32203 714
17931 112
39394 169
51683 39
36071 428
37448 74
31920 148
8265 380
50 664
16684 403
26954 517
33639 148
2822 286
12577 39
13414 27
20207 377
9566 845
10142 659
46115 734
1734 435
5282 486
7460 701
38818 367
32997 437
2918 758
19779 236
2817 52
18923 888
1160 142
48186 659
24369 968
35523 781
44112 743
7736 883
31291 960
43657 265
38515 810
15612 530
11421 437
42125 642
3768 693
50124 820
32688 392
28153 620
39843 315
20998 663
3546 155
14484 112
18347 852
51435 827
3509 796
40046 590
4908 832
20871 688
45856 592
18776 808
925 682
22823 602
20059 132
42992 210
17484 895
41839 245
2709 484
15927 8
20136 12
41822 708
3396 422
22939 162
17422 457
45830 557
10393 799
35947 211
41780 811
44856 40
22359 752
15044 892
37376 970
12409 700
33659 733
10689 892
25889 397
3749 998
82 383
42241 869
21162 351
4807 713
47078 511
24937 650
17275 57
35201 305
9682 864
35080 618
28527 618
48723 735
24332 549
13845 277
5191 332
49498 208
17707 267
3971 884
30371 857
15269 756
23902 478
50055 420
20405 567
35305 206
23250 611
39111 926
1403 590
39024 205
4882 728
2494 933
19570 762
47760 514
40252 988
10119 292
42297 738
11086 380
20102 205
25961 985
13276 907
23242 378
1358 355
35898 320
12228 44
43838 947
2001 960
49725 719
30555 148
51362 893
14631 47
50768 490
4829 803
27613 235
6521 281
10105 191
46618 890
20371 55
17523 507
9604 724
35421 228
50316 178
46191 664
50037 930
2511 84
37533 717
28641 381
13894 445
17068 429
20863 243
32493 294
48268 958
24471 611
31400 42
44166 357
20102 64
42331 352
17005 99
41695 972
28904 483
50883 336
17748 121
20954 835
23172 334
10372 973
6044 580
5158 602
21013 181
13556 25
2004 396
18589 578
15306 569
2078 849
3859 747
47870 100
19040 405
14791 53
30413 882
39162 26
34593 315
20517 915
816 299
38073 575
41194 455
43963 109
16420 516
25539 268
50031 943
6768 242
30723 197
19529 707
19436 780
28156 657
32912 571
30002 396
41599 641
46188 266
29765 671
9733 907
10393 638
9897 72
12670 502
41514 811
33685 587
5063 730
1466 533
40163 180
16957 13
47955 192
45327 423
949 202
36728 617
52234 944
26022 65
24600 165
38802 821
34035 263
36857 720
6975 589
3911 715
6406 818
5862 220
15982 567
50127 880
25019 197
38673 51
35583 426
2413 120
2959 914
48932 742
1306 722
28675 967
12571 211
41669 944
3683 488
38630 860
37670 560
3762 299
40252 79
45452 811
12658 986
25922 158
41904 741
39248 997
50354 584
6715 21
24546 141
24721 421
7988 15
43024 759
39588 803
14143 19
10399 239
28870 101
7697 508
5294 818
42371 848
39956 945
29936 315
33161 193
42264 178
14625 791
33622 523
19384 717
34415 998
3059 965
1777 790
36240 897
39529 488
16741 544
48990 78
26020 602
33217 249
19140 840
33413 883
35083 34
33364 691
15783 304
28165 460
19444 124
32925 25
41860 173
6608 306
29946 946
25252 58
5227 869
28419 170
1691 910
12219 593
4125 91
3154 417
8403 997
35487 440
25071 190
23487 873
21593 362
36179 674
14468 930
29545 245
44249 670
15764 878
29206 755
42456 108
29447 259
2799 785
39006 838
43646 865
47499 347
17053 213
8772 830
31190 895
38511 445
26439 13
50101 207
23838 697
14707 585
13079 630
40759 420
44550 511
2024 778
24029 796
47601 957
48849 359
50350 808
35907 143
24513 691
240 817
21550 588
7728 920
15898 255
31033 995
31329 69
51709 624
24468 196
22522 373
41013 948
15723 714
37397 472
17333 536
15406 7
27794 407
37401 256
36171 137
49164 876
34129 855
14266 619
10296 285
40934 474
5750 38
30312 890
18192 691
13607 364
2719 922
24069 131
11340 668
52312 622
29392 215
7514 319
40594 463
26492 126
413 939
47284 19
43553 846
770 749
18106 873
35385 806
28148 148
6919 205
610 78
49367 219
27164 136
7171 324
25255 646
37831 766
8047 808
45357 577
29698 963
30052 867
46240 440
39355 997
2256 64
28962 481
37812 881
46225 276
50269 112
28044 52
42018 376
20540 151
23263 512
27885 977
19538 223
173 753
20901 40
45744 24
39599 269
52371 683
39064 773
21733 800
25799 381
12115 735
11496 715
36028 659
9981 495
32218 454
20682 994
4732 708
52331 114
22301 587
1702 46
32032 920
10619 564
4281 340
9977 810
9840 205
24570 786
39868 112
43793 523
15053 116
40968 149
34622 131
12748 803
20708 114
51418 230
20629 105
28209 252
9102 514
46464 240
16744 615
24111 839
52477 943
11278 272
30709 374
18661 297
29935 853
28634 552
45636 13
3407 402
15672 396
27845 776
46780 97
40311 587
17270 982
17533 669
10796 821
32842 378
52007 991
38004 816
5435 348
46683 37
45658 282
47553 401
37782 951
10929 104
35363 828
14924 651
2159 699
15440 193
5640 963
33115 779
48554 937
2244 66
7936 267
8930 115
43597 80
12762 251
38032 968
7648 699
11353 281
10868 639
47016 585
45460 880
30775 864
30045 863
36024 374
29954 715
22305 895
20583 555
21579 510
22720 495
48245 767
19451 569
8540 34
45007 344
32522 662
10979 615
42921 208
20577 73
39366 315
31152 655
21782 346
46631 644
2397 727
15120 22
23200 665
13717 486
29844 267
556 445
38119 333
221 423
11421 945
46977 61
5772 418
52260 383
12703 603
36419 870
51905 130
23134 580
27401 302
26686 197
33553 579
49404 641
9786 491
25564 1
29901 302
33144 56
48417 296
45484 326
37255 374
1055 116
40783 945
6157 185
4725 779
49024 766
23813 918
3863 103
2485 383
16468 388
44501 676
17875 544
47063 268
20435 914
29485 899
43076 408
24489 471
36032 693
50008 772
38785 803
17004 249
7156 828
14215 488
19820 386
48152 680
47460 415
44644 65
11380 853
8209 552
20825 117
50961 102
20448 69
3982 231
3462 823
46422 320
50440 740
40039 717
28961 557
11740 832
46350 430
2689 116
19408 594
19979 417
3447 410
21079 863
38471 173
40373 721
17585 703
41697 594
43494 30
5073 552
38437 976
17427 179
6047 455
42434 623
18496 988
30714 353
16256 659
4907 419
10200 695
37009 68
18893 398
24214 369
17677 359
24355 934
35475 127
5150 107
32947 590
14386 19
49028 212
25589 700
51200 13
45371 463
20250 259
25242 814
31073 557
50812 598
39275 910
12985 881
19171 34
13242 779
29721 651
8028 418
14008 436
15227 303
1443 195
29950 484
17518 335
24529 205
6286 181
22789 639
32306 235
1619 158
48573 300
39524 468
50371 963
35532 192
50190 682
33415 327
30765 61
11231 42
28155 282
43349 97
9436 233
13424 674
45197 496
9586 977
31471 210
30026 228
51202 74
6894 965
21196 321
20149 634
45315 929
17613 45
22485 167
27715 839
292 786
16479 511
11784 967
5182 976
41938 761
6766 9
10059 832
36174 698
11786 918
49686 383
46660 346
20609 122
9110 411
7903 364
50542 419
47132 793
15978 155
9256 727
37454 715
33981 386
22029 68
48817 199
16960 196
32826 324
36557 226
43918 99
13170 624
50643 639
50788 946
50446 138
51082 813
40614 12
2018 186
24104 724
30581 69
21527 648
45627 999
27955 482
49308 483
21927 981
3772 934
5924 589
26559 114
41312 323
48806 965
2975 493
13535 713
41573 939
14562 221
52126 973
3045 741
47249 75
4411 222
4741 390
7120 478
35566 65
35318 835
3571 363
16301 702
968 585
21046 507
44163 642
2691 214
25742 647
15895 641
52073 382
30775 120
134 19
50464 438
39793 369
11185 858
23012 289
41206 655
1251 117
32371 943
45571 962
10918 508
674 15
2728 260
43967 133
1822 181
25335 376
35297 360
24827 67
49604 153
2467 249
37267 95
35358 940
37498 256
1595 980
26045 632
40465 721
4702 877
21786 854
13930 251
48736 226
37121 47
11640 149
9102 848
17871 918
17679 962
12960 396
30546 754
26240 821
12726 434
46293 800
1236 143
28905 484
13786 296
5300 706
44590 742
40957 818
10098 477
40143 657
27400 835
48536 305
8493 248
24844 753
40984 315
40780 705
5513 861
30647 580
34272 920
1136 233
12618 240
47820 836
47460 312
31589 659
21674 330
5662 541
48521 195
46976 624
40014 936
43038 775
51364 696
28589 989
8926 881
15878 405
25905 443
48614 452
45820 815
26261 585
2610 856
36149 140
35825 738
32140 194
28098 932
47432 649
40760 383
40313 841
46691 663
48713 342
12146 372
38471 888
23965 850
10091 9
21445 952
13787 452
45509 218
39853 615
30904 385
40884 407
1702 487
32475 595
40769 625
17381 500
44274 49
30079 384
36298 840
46514 349
16719 820
6147 475
1062 261
31473 376
18857 984
27873 716
9726 160
25610 589
46217 746
18904 221
21813 348
43233 927
609 648
39051 22
34215 864
41716 884
2315 919
20390 318
40409 907
51094 567
790 753
21803 536
5133 125
21423 490
42257 250
38265 322
17522 771
32817 92
36055 949
35415 848
37222 268
973 778
22828 26
44565 200
13886 2
34917 721
32017 638
7397 739
10754 900
29434 52
22846 694
40666 579
49744 167
34776 409
29540 817
45637 282
37368 100
49956 458
41534 526
35912 408
24216 573
18872 915
44671 460
15009 354
25153 979
33323 485
29517 851
30059 962
22310 170
40567 433
6225 769
19451 110
9292 646
47510 618
30289 900
12654 725
39077 298
21931 160
39190 637
33262 969
49398 959
4983 476
23167 592
30883 319
9032 767
13419 654
21950 530
50788 110
2878 34
29485 134
13164 438
22884 620
26126 470
9736 204
24647 729
9083 878
44075 819
9897 236
50099 244
40684 494
31522 570
24594 549
9023 37
3544 177
24936 990
18495 167
51864 61
32682 156
4519 524
12231 690
24781 818
34553 892
30300 356
46123 581
21440 574
37585 905
42560 63
7016 993
24856 312
13349 699
48099 169
28549 545
5272 563
23564 663
35208 669
10580 372
1709 543
49913 112
32483 648
52293 421
44397 268
13849 575
20813 347
7367 580
26068 967
47693 254
30028 380
41960 677
14449 67
7711 449
26174 46
13271 186
37822 169
31419 138
24631 139
25408 892
4670 189
47627 757
23300 501
39589 259
16620 246
36091 599
40664 431
241 5
15246 949
46107 899
29399 970
32073 93
25176 566
31059 53
31341 545
28262 660
14791 787
7218 8
42364 51
46312 883
24373 624
41790 773
1178 886
27611 940
51507 385
21387 149
34746 671
21419 242
5695 656
27312 161
38731 857
21845 142
42 840
32003 629
33394 998
17343 906
6582 73
7955 237
34191 746
28207 993
1055 510
24950 150
51197 698
48673 641
39819 943
45846 209
46389 605
37712 315
18280 157
44676 421
44156 299
5878 571
35920 217
6196 59
6105 404
11644 68
32662 534
47053 985
7190 668
51867 825
49910 830
27960 604
30591 676
40611 314
5772 211
7424 280
6708 59
42702 978
23874 117
26842 742
49430 579
34058 565
38712 569
49648 170
23259 243
22539 756
24892 575
46454 848
22670 118
32121 249
26188 98
46052 694
24888 211
14193 581
40649 331
19699 210
11117 476
10755 63
18246 914
41642 203
15972 838
38883 966
29662 863
6553 726
33275 443
40504 280
49263 904
31416 841
37255 661
48847 377
42944 398
22707 863
25713 115
50033 271
19952 258
30428 95
20977 370
20413 682
14403 936
17150 505
28263 232
4071 626
8269 370
32407 753
7422 134
24842 71
41015 604
13355 97
22063 826
4199 495
7246 94
37623 575
8407 851
26653 615
37833 951
18279 128
17154 219
5690 202
41559 148
34982 770
41972 686
14576 79
23539 228
6000 151
3966 476
229 204
46284 18
34718 718
41957 280
47846 242
27807 960
20866 871
46006 58
51224 41
31185 651
21114 620
27243 537
35180 437
21632 752
8287 843
850 173
22741 921
21155 773
8897 665
19695 269
8614 281
13116 410
33900 408
29938 82
27891 490
10052 924
13789 740
14357 261
16499 520
350 506
32809 635
32410 957
19425 573
35743 712
39626 262
18229 12
19990 398
34605 167
24430 132
43671 67
13984 539
42440 987
23475 774
114 205
21707 368
30375 778
30008 920
33967 319
15462 447
38488 653
1873 290
41584 588
20264 484
9347 764
2909 593
2083 20
48429 328
26581 607
3506 682
5614 587
3034 114
41652 795
38386 394
18884 373
41489 353
5177 302
29642 311
30479 294
32767 69
32508 727
36877 999
2027 382
38086 984
36330 324
51419 366
49040 945
28029 690
28543 983
27211 667
7572 128
28546 436
27467 604
15569 984
38607 236
20099 82
24818 569
14919 644
50453 344
8683 181
29199 849
6207 339
3464 959
28158 391
23527 921
13259 431
3973 227
36448 665
15849 48
37715 398
51761 931
44085 378
43701 290
52301 414
47665 118
15643 901
17079 26
40155 59
35113 418
36248 671
33454 106
41162 495
28395 20
3808 671
11190 954
40462 485
22069 989
1137 806
50095 544
33781 141
34399 858
9784 183
28861 310
42560 105
32773 571
19054 707
22373 792
16922 740
34414 864
10187 834
41104 528
6216 817
13629 72
20323 457
50462 958
45733 752
29951 199
42245 185
10068 980
19994 657
8999 691
12779 83
13663 850
34809 694
14583 4
19453 242
8729 221
18556 262
25195 770
4386 743
22203 602
17172 620
29153 401
4920 514
36097 795
34133 807
24993 662
2121 551
2768 458
49899 312
37061 146
41768 922
16956 606
48131 75
31755 496
29625 186
6236 782
5065 94
14307 634
19610 16
26466 88
38320 906
5129 205
34592 614
52066 320
23157 217
38228 5
39245 139
14431 434
23819 729
29002 175
4901 640
30501 524
4203 813
47370 200
7014 32
50621 968
20536 845
3376 862
28436 605
46933 51
35743 81
35786 278
15439 541
3088 379
24055 397
17381 868
23881 69
9520 606
47373 430
1472 3
34348 983
42993 77
16456 773
43398 384
27590 599
40785 578
51101 7
13003 229
45855 48
11339 752
40950 784
5404 950
50829 314
9290 131
45717 573
6776 19
12243 201
13669 965
42273 220
40005 674
34905 784
14071 790
26770 143
9031 968
4544 663
48488 403
11352 94
21111 633
44454 836
5821 607
50612 440
27665 711
45474 967
39151 250
46784 279
51272 563
46598 678
49035 540
39004 646
30311 756
42164 353
52128 565
41389 595
49475 822
24863 399
42937 485
12023 780
32932 621
16318 521
20453 156
27473 2
43548 747
15996 492
3474 979
52278 838
12561 202
36811 221
29782 992
13835 520
48302 174
15299 493
10906 784
38581 280
7105 68
29901 691
18396 720
3980 16
42393 9
18126 371
10558 682
28139 569
42519 66
47472 628
45630 189
15423 628
33159 492
555 311
19317 61
47682 507
15529 529
20451 1000
16956 85
40147 895
40844 761
17245 438
51969 16
29892 398
42429 408
29582 970
45958 779
45794 99
4655 884
5649 808
41325 440
40212 166
31745 303
36358 287
23958 306
27703 832
22576 469
33338 87
17302 668
33702 440
21592 6
21268 678
35868 582
34198 643
15204 308
20494 232
48385 221
30848 376
43694 30
7060 114
18380 997
49615 735
21440 573
32159 416
39245 863
883 914
16988 786
37083 274
28454 513
41586 788
405 502
28479 28
14855 525
11213 935
11747 887
24857 20
36979 651
36480 245
34140 378
26442 847
23495 1
8594 62
16262 525
41868 962
28851 606
51873 196
28804 757
15926 164
49941 788
41651 573
7476 581
39190 299
18356 110
31830 5
8431 729
18826 773
21989 890
39162 959
46410 945
50660 25
39702 899
43296 576
52370 963
32488 769
12250 677
7674 95
21334 248
41810 572
5701 171
45864 668
41933 228
16995 429
33634 184
40391 532
43576 215
20655 498
14195 221
3059 485
10043 347
14388 477
52055 720
42145 956
31871 698
8473 118
46234 622
37213 30
32900 111
31529 839
7321 265
18642 203
15327 843
40568 818
6593 808
39294 145
35631 271
9816 24
26220 587
17409 639
39332 793
26763 82
38374 671
41832 625
23592 998
43923 3
10802 39
23676 376
28453 117
42211 927
30296 575
22149 119
28465 510
51142 232
7320 335
29149 699
9939 153
9046 777
46215 849
38016 344
15816 59
24924 634
6369 475
41211 722
4268 829
8665 5
33930 46
49584 474
33459 218
34128 441
6185 816
32982 288
27008 173
52044 686
10285 405
51626 629
19972 659
24870 31
40026 490
25727 307
43415 60
17075 141
45321 300
38640 602
45337 677
26766 375
5362 871
9663 132
11708 210
37857 552
41705 416
30420 626
46119 547
36430 197
18355 963
2529 649
11726 456
7566 272
44427 73
10229 391
2518 528
51588 692
50476 705
46540 59
33174 235
47342 247
21780 623
18296 32
9778 228
50813 12
40698 891
39999 989
49445 462
39377 619
39170 12
23005 735
45918 701
37217 945
16508 249
48256 71
4290 704
4649 68
26010 443
4744 332
2468 72
41403 310
28736 580
4944 162
46486 18
17117 419
18035 250
9465 35
6330 279
13427 269
38057 249
14103 665
31629 707
41408 525
11678 950
51301 909
23900 694
28922 555
6933 38
22854 805
4569 936
32138 31
11886 445
1577 504
1672 941
31685 166
22325 95
19481 985
14542 884
30687 148
47384 962
51211 434
30597 952
14279 860
24366 136
10160 112
8461 339
32649 181
42831 638
37030 37
23565 348
40193 862
41619 61
8574 442
18600 343
25046 15
8286 371
37800 404
7697 717
22881 839
49301 924
38189 905
29060 640
34863 876
18295 333
22331 39
42110 782
23507 189
10584 989
9152 702
37187 892
19351 516
8139 180
51155 959
39985 873
30678 962
8964 812
28811 632
40159 571
26410 933
6718 55
23645 697
34486 917
8895 661
2154 105
41787 21
12508 785
6430 712
28645 415
18038 601
14440 615
24669 918
24067 353
19637 340
33151 563
9043 824
41377 611
10219 356
20772 621
41991 291
4472 374
32006 414
20552 237
33657 114
43790 210
8142 243
32358 507
25839 959
45572 53
43804 668
36933 134
43174 475
36650 374
25613 915
13602 520
16866 985
1728 787
9739 573
39071 454
21704 639
41167 746
37537 849
43551 583
25183 526
27469 890
30324 560
50896 906
2970 366
12399 399
24437 716
23855 472
21975 107
15743 61
41838 637
10288 44
2326 761
28764 982
12037 858
52278 636
37028 928
30418 32
50076 852
41970 385
7876 709
39772 427
13978 231
12224 205
40445 645
49271 674
15224 716
14066 589
19655 211
40738 349
14677 232
32864 899
49330 733
46787 806
16446 340
51207 446
16509 42
25606 20
49084 359
26240 416
31645 830
22879 968
52149 603
52242 901
32831 47
35543 519
19563 371
50694 91
726 532
44283 965
25326 527
24104 489
41134 11
45484 572
5823 489
46122 765
52269 77
51863 405
41649 596
32358 762
20892 63
50720 907
34707 523
31407 353
10357 557
33114 708
37495 952
47872 279
40671 280
1396 220
6259 550
42977 204
12822 300
38369 68
26022 260
39612 540
36100 126
5750 409
48248 798
19384 876
16170 538
22289 210
970 916
43166 797
43430 393
1803 821
21234 415
14438 719
17511 723
7676 173
11557 601
24692 655
48900 873
10688 241
2094 966
4676 991
45323 432
8843 200
40687 881
43114 292
35051 548
22164 794
3109 85
37185 721
30781 314
31155 816
7732 48
12095 710
1180 634
20598 964
49897 987
9216 28
10924 118
33386 164
7420 823
13621 590
35272 20
2623 62
42474 805
7759 117
34155 153
25731 107
45887 405
38203 722
11619 802
31394 368
13515 909
12027 874
19396 75
26265 365
47669 260
31731 177
42449 569
2958 21
33905 982
36473 185
9812 179
5019 768
35377 355
26609 105
7686 480
40057 670
29656 690
24773 561
31029 719
25919 577
46187 806
40330 923
7531 821
7558 365
19288 38
1388 132
14856 448
18376 550
52156 903
12395 420
27704 859
31950 94
51690 16
45325 141
23331 509
2318 539
19003 687
44338 916
49372 645
23844 678
6264 692
49740 515
158 323
9308 551
41180 400
3995 811
38117 341
3240 615
2656 77
40705 172
20207 677
27871 67
17259 743
18562 936
23566 84
46461 20
4658 143
34677 338
12080 922
42086 892
2268 640
41865 649
12332 807
33477 352
1722 747
10914 312
30468 271
5667 121
28603 63
40676 856
36369 847
41340 765
1186 91
24970 3
17282 433
25918 849
6086 389
25879 381
20886 101
7143 686
47817 429
44139 158
1228 808
24223 623
11468 677
35474 980
32321 860
26473 438
37337 861
16031 624
20259 591
18676 267
13889 227
7137 285
20866 911
11086 391
11850 709
36276 823
43817 971
34206 50
17516 777
52150 568
27961 898
323 710
14338 770
21555 122
23905 837
16990 630
48195 846
45520 758
6417 17
26597 322
11988 312
28546 774
47942 320
12639 424
14934 944
3900 820
36390 335
22661 984
17395 408
36489 923
52214 556
23736 799
20924 965
2088 582
10564 395
14375 986
46706 136
44714 728
21609 942
51461 93
39677 647
39884 204
44593 830
45082 578
9729 82
48714 238
47695 756
7940 544
14347 221
16176 397
26245 826
15443 402
2801 508
30605 954
43661 582
6452 247
8280 458
43566 159
36474 355
30023 145
20807 961
15729 626
36690 62
31822 167
24777 529
11902 923
20795 808
15256 174
18562 280
6213 572
34373 402
40300 978
44238 409
549 449
15376 904
33575 599
49899 488
52238 360
50393 572
14532 667
15053 611
44090 449
1700 45
9041 98
38520 46
50780 638
40584 267
51926 434
33831 601
8039 75
40508 761
9634 699
8230 345
32767 101
29100 750
23527 595
14998 367
42522 903
38839 974
18861 798
37185 279
48000 611
32654 69
37835 740
9833 511
51638 357
14815 297
33942 11
18098 151
43559 192
41058 640
35769 898
4384 671
26589 369
2434 956
36009 64
36030 193
46670 682
29965 883
41589 880
51744 51
35102 192
15908 974
16052 147
51943 859
47427 592
7492 382
1836 425
18704 656
16819 944
16407 239
38740 405
21364 793
28205 194
8584 753
22851 119
30888 667
34574 922
19751 497
12717 88
27838 575
44626 823
36075 577
26281 819
25600 215
8017 229
36717 412
10144 905
1337 732
45231 741
11932 524
6082 454
25568 618
22704 131
49251 302
32376 495
46600 34
48406 40
42202 54
40250 668
4700 179
42183 258
46828 236
40849 473
14639 263
28410 252
37334 741
19462 253
14419 441
27234 160
41584 1
5001 777
16338 433
43403 213
8594 812
48160 409
42294 442
22654 135
27858 197
25501 117
24323 181
24748 377
43185 962
47196 477
10517 865
40727 527
31439 886
38618 741
31949 195
19096 483
36451 662
38507 526
17128 781
48936 78
17739 736
15655 659
18137 45
26878 990
3173 344
50187 440
42612 65
19949 15
12879 530
7045 303
42509 908
43357 943
16630 631
26789 403
39389 497
29105 342
17139 658
27564 520
11338 711
39535 647
38547 49
34626 30
36187 1000
28053 987
2798 263
20993 915
3058 993
544 245
46438 446
34194 336
13417 369
51242 177
12320 530
48576 363
967 446
42571 388
27059 9
28560 558
36486 546
36415 262
16792 838
17798 927
19792 41
38261 19
31728 583
18125 720
34199 748
3168 694
27720 787
28717 369
41955 433
50985 167
50014 890
29950 391
51389 412
15406 400
29646 50
8290 151
20610 841
13711 60
48298 675
9690 788
7172 844
42788 812
34306 904
16440 319
52318 61
11765 829
10334 373
23922 200
12837 581
19699 97
27079 46
17602 507
14770 9
33574 117
12692 123
13881 497
15675 826
2839 14
41329 629
42428 343
43379 293
42968 847
14992 14
23640 164
26347 281
25759 364
13463 331
905 418
49907 700
14103 84
23037 365
29373 669
29171 998
10038 687
4467 176
27625 953
22413 288
11781 767
32611 600
29846 659
50992 370
3576 357
4598 353
43483 787
13321 153
30444 142
46998 237
26586 713
14032 887
31217 939
44973 503
5984 121
15946 345
49205 211
28376 170
8818 578
9055 105
41129 500
43126 402
37661 497
7861 350
34903 303
16830 220
10996 380
6626 953
7754 105
42611 797
22991 992
48142 392
11135 959
18174 299
26205 147
18250 340
27346 927
31848 59
34137 982
16340 432
46410 877
27401 233
22429 694
29779 982
1725 170
46302 935
51169 258
27188 592
9965 215
48673 182
17718 851
10308 905
35360 661
11997 851
7848 481
28466 713
27135 105
9390 114
24290 925
40556 843
954 271
29838 675
3112 501
39908 811
29142 798
47140 99
30373 784
40884 501
9023 350
49421 776
7591 675
48862 23
38937 927
15146 67
36000 745
41790 724
43532 301
30875 473
48093 418
29189 274
22796 352
49519 575
17276 321
31474 61
16859 242
13205 787
4294 657
25637 719
26507 993
51212 750
26502 493
23582 358
28333 88
26172 430
43515 894
14762 499
15266 170
38939 355
44195 356
10330 829
859 859
12271 912
23193 679
27332 649
38396 477
38069 953
28040 608
47414 783
18842 486
38999 946
21980 607
14175 460
51395 625
8490 579
22521 263
45436 560
5554 936
51756 214
49420 688
29265 531
7683 690
10579 693
44687 442
52193 993
21437 348
6044 237
35592 95
36658 634
31775 667
31609 861
13872 668
50859 290
42867 371
24523 473
38970 865
48649 856
22460 553
35243 386
42938 549
52082 141
8071 599
1788 177
5960 744
11874 905
28095 437
20757 308
50755 400
6662 694
44664 19
14519 184
22934 298
14854 424
2730 191
27344 21
25530 258
45455 640
1559 156
35993 43
8375 403
20399 748
36510 383
2928 609
9101 397
42481 635
2522 443
2393 272
13120 376
9517 568
34095 998
40999 1
16462 211
13105 42
31643 209
33452 721
49330 929
47670 804
29062 921
8630 33
51125 199
30219 846
39579 585
26064 571
2001 602
23215 660
40144 616
34400 413
41543 777
42323 218
26438 530
13808 470
24141 957
1751 263
20424 153
13441 92
42469 822
47259 759
41861 704
38985 393
43297 485
43503 888
24329 20
40797 353
48735 854
50903 551
20261 355
14191 502
20347 653
10070 122
46307 861
16261 171
10721 231
30649 33
47470 796
26689 281
10329 461
41927 737
22672 718
2556 933
10172 36
38377 541
2801 337
12222 665
2590 782
3768 542
6766 456
5252 320
10938 162
42989 784
14491 566
29776 440
16023 729
25945 981
45430 961
35220 145
32697 528
44487 529
19924 525
38040 573
48729 485
2777 302
30457 467
179 956
37680 58
19495 444
4693 691
24501 409
3986 263
7440 3
4286 971
21588 821
27636 94
27611 254
42044 432
21693 920
51219 477
44087 702
5074 164
670 257
49419 819
7384 26
45399 719
34729 654
44879 724
36500 110
29950 883
33973 12
30334 418
24580 434
1754 167
6908 727
36244 565
31254 672
11225 595
20432 408
6334 234
33748 137
4404 683
32217 841
33283 375
29765 472
11585 763
51265 311
31802 839
25561 721
48077 301
14938 172
9134 856
28365 11
6188 227
51167 990
46727 152
34437 505
7384 126
23532 608
10822 290
28531 97
33914 282
20203 701
16682 402
48178 739
11485 602
47106 16
37545 358
51117 385
16020 563
10535 267
5261 920
1310 474
18662 95
30221 458
26879 451
30587 104
23028 942
50947 693
47987 745
35343 268
3358 726
35640 262
39614 289
14304 95
23736 873
4862 863
11539 611
40188 88
16635 561
14841 306
25324 965
49295 290
8409 492
17279 491
34299 620
37758 109
1933 276
4438 148
16872 273
42277 782
12188 954
7153 292
1015 942
27697 369
11219 926
29784 628
6513 139
39711 205
22678 636
13666 438
32731 398
43819 766
34192 552
43681 708
13638 545
26312 18
47870 763
10655 113
19004 10
19041 958
3393 642
27606 776
41878 763
18942 993
20367 489
36533 942
35650 565
3250 44
33887 454
33923 761
49469 957
27698 257
43729 949
36901 381
14229 802
5248 564
30474 961
19168 509
29812 716
36490 165
13577 566
39566 932
24161 462
8378 239
5172 224
46329 29
25637 701
45160 417
35892 199
45618 212
45816 631
20916 83
41324 511
2805 49
46350 959
11259 707
23481 203
1442 612
34045 85
36489 234
46459 759
16649 419
40557 439
6604 914
2463 845
23390 65
10611 699
31826 239
43258 473
21586 722
17381 590
38337 753
19462 595
8169 525
42836 107
9584 96
20166 209
40961 475
40193 290
37110 326
42077 562
42396 780
33882 874
5478 75
25951 495
14026 96
39742 929
51471 520
31666 985
13951 881
45777 485
43687 944
33990 716
49279 826
46691 488
25344 967
31676 532
23349 872
16647 679
31607 568
1046 928
38452 917
36008 241
23667 317
28566 574
14483 293
48347 315
4207 876
17067 685
31660 443
1802 947
43653 707
7112 863
41426 882
1876 578
44522 177
45689 846
19274 197
38246 341
44290 593
34541 514
12670 876
659 118
49120 694
15379 103
48182 540
741 183
4270 632
18646 84
36880 784
26834 214
46875 831
696 67
7195 362
41120 670
37757 915
24548 438
10640 438
14126 492
42028 529
34435 665
20684 116
1183 438
42568 747
4891 615
38801 921
39433 842
36521 244
29092 593
47673 167
48255 249
11584 705
52412 730
18371 507
46332 632
44383 524
8377 128
25836 290
50828 886
800 722
50760 823
41887 685
16095 424
19656 223
48246 680
36517 309
11003 937
43488 418
51426 474
47008 359
33214 815
29000 895
32377 903
23827 732
8872 761
29098 533
33130 904
12293 588
41045 750
51886 710
16055 152
21929 213
13121 332
46960 202
24912 928
40603 688
44424 727
28879 158
9017 518
2496 266
8981 366
10182 861
43353 830
19359 678
36358 730
42440 931
8475 710
23804 388
29192 749
13606 908
44384 160
9704 957
50729 219
18697 820
1729 799
33971 750
24767 619
21909 257
28794 550
32483 375
6788 819
27728 945
14590 838
2838 737
32278 882
6300 157
9318 39
47722 76
49061 736
33301 776
29368 664
12242 348
21854 530
41121 646
43444 891
21609 30
43221 658
19734 953
7275 157
34586 378
30089 333
9725 960
23903 408
42209 747
29707 178
48192 674
38531 725
35609 516
15508 706
43649 947
36625 870
848 168
22376 83
33477 272
20423 689
3408 507
15668 908
27909 440
45321 1000
5157 51
40931 16
42322 680
48969 184
46774 602
6235 862
5494 167
1100 32
15531 971
30444 706
10703 248
17344 423
11295 835
6981 478
10318 978
23327 487
43278 517
40744 383
33633 478
34387 882
43044 28
27781 661
18529 517
6311 726
36491 131
34740 763
20445 392
46220 885
48964 771
26268 589
52359 663
31064 940
16482 515
5803 260
33074 270
19328 425
28297 661
12944 360
29277 145
7592 868
17591 620
32775 423
20087 154
17221 572
12993 477
15341 825
10717 417
23770 369
51454 591
40829 345
6384 959
9712 718
48602 673
38980 852
52021 975
47612 978
38785 175
6408 832
9964 331
32302 26
22458 765
41771 323
41116 277
36681 141
25771 684
24237 154
8824 474
32798 629
31398 834
43893 80
7225 496
18487 690
44673 807
51853 742
36409 877
28534 383
50710 461
14873 586
30004 684
18895 591
47534 430
49359 776
21751 943
27195 813
17520 520
27129 937
32046 670
15322 987
45744 499
24507 322
41886 303
29429 837
9015 786
34312 612
8597 732
35018 172
35006 623
48594 126
49132 631
4490 107
52208 345
35932 78
3840 17
45625 249
16966 981
30547 46
15009 593
30766 780
4312 235
153 861
3789 831
33626 445
20234 974
40266 815
9040 772
36257 670
31210 543
18825 54
20251 840
36011 942
41606 939
31377 888
38517 841
20613 619
31698 668
30815 906
37641 528
47173 78
44623 718
27373 849
3757 149
30205 880
3033 778
17479 553
39285 386
6658 533
44956 296
44029 762
3010 195
44828 932
157 385
32372 413
6866 262
31284 447
9420 62
29039 486
24856 683
48313 250
3768 212
7783 128
35125 867
15750 127
41084 567
7359 268
16611 356
20813 27
42180 315
44366 954
38826 654
27113 527
14490 752
4272 191
31586 588
23936 113
48252 171
32362 556
43082 121
1473 952
29345 270
45635 208
50853 408
26202 570
31812 352
14301 611
15951 117
28107 114
26010 935
24285 139
20402 806
33719 899
34902 783
1028 65
580 926
2236 872
14780 859
41288 405
13934 310
25060 235
29827 886
33110 31
28674 369
4203 781
27755 597
9306 257
5347 852
31978 351
41603 90
43160 544
3818 526
28738 584
45885 106
44380 605
13067 242
41284 342
28539 814
43385 616
22278 217
28466 505
44543 94
26254 884
40842 690
47724 537
14160 747
34768 998
14480 641
48830 627
34243 417
21045 847
15831 602
27057 598
52359 883
30546 390
19154 773
41559 604
41739 70
23599 497
29802 476
14343 230
41281 760
24348 723
34617 129
28477 286
28372 802
1369 814
27963 555
41630 178
29915 776
41568 199
40570 459
39444 924
10498 832
40177 111
49668 36
7624 209
4508 774
4449 468
28782 220
27560 963
13444 665
13642 522
50188 752
35644 704
40977 10
24922 866
34081 142
22887 837
13953 278
12988 384
8125 427
3869 385
24736 921
798 513
13203 549
26388 159
9411 11
9486 964
17652 845
17614 833
20223 613
457 520
20372 585
28957 919
30102 142
43363 2
33236 938
10578 92
25921 791
1238 792
5727 11
51093 889
35603 417
49345 680
11917 170
39336 375
33715 9
4356 457
3651 77
18147 455
14134 777
810 387
15297 206
41808 784
3546 303
13090 960
19868 766
8666 685
25851 443
37483 415
48283 830
17443 212
30928 13
34393 930
36737 358
38181 739
10005 859
48731 806
29430 877
44151 291
41945 3
21206 838
4518 337
48115 875
49549 866
45682 857
23963 90
9887 353
33747 709
2175 785
17112 66
14412 967
25887 174
33632 725
11324 343
8200 968
45702 846
48768 543
45179 376
48639 806
13955 68
31565 20
19317 15
3310 215
49370 166
16648 859
46552 323
4237 521
10985 11
25041 947
10396 951
191 453
17207 172
38398 541
29132 572
49775 911
47919 543
27129 532
15024 328
35257 487
11566 206
25035 866
8856 334
21576 47
20154 620
35402 423
51163 775
13943 201
35742 102
39432 482
21845 747
30282 338
48777 994
43918 836
45307 680
43525 228
20527 107
21195 716
6906 732
22557 793
19522 118
15988 818
28532 956
44422 496
34352 295
15981 869
29061 125
11242 663
18509 139
48547 999
41280 338
3211 730
24573 306
15712 499
9434 540
26760 406
38887 120
34046 144
5825 453
3404 220
14891 500
50793 619
14051 44
3253 595
46503 547
27052 701
37090 519
15551 302
31321 282
14389 699
43966 563
16735 466
18086 198
2119 531
29579 235
22481 428
47088 751
17981 893
29651 311
49717 712
43579 188
20850 131
23551 348
20819 213
47051 99
1815 161
50402 827
990 657
3755 62
29757 491
36417 17
30052 904
49683 76
4102 63
40822 564
51478 817
40043 502
44644 120
12237 309
12629 987
16974 1
35577 635
49486 321
44727 13
22517 254
4022 296
31882 490
27577 902
13469 79
51539 786
50169 71
32841 596
52165 513
46630 321
36931 684
17222 969
37204 721
30699 362
33007 913
41971 46
31503 983
33088 490
39936 197
31546 611
43154 138
34521 247
12523 592
43445 923
45974 442
39675 157
22066 37
31714 860
22856 291
41589 717
711 199
17707 229
6250 849
49455 916
6082 428
23871 737
26257 364
13797 393
34995 655
29975 692
12041 528
8498 285
11535 409
19944 715
644 590
36970 67
10871 790
13553 232
44618 648
12269 29
49062 521
5396 849
26896 673
11286 142
39931 766
49556 910
35314 955
45207 402
24301 128
1024 641
4723 868
31748 720
2663 942
48928 901
51373 117
42348 454
48422 384
31868 223
44706 908
2147 387
6695 683
22593 292
34496 567
44945 548
973 465
630 676
14770 741
22817 508
36502 57
32761 701
41366 882
18057 555
13182 264
32242 917
15532 637
34600 531
40624 381
2715 536
12893 681
48205 463
18308 731
49608 570
16584 78
49098 79
13003 229
32886 731
34388 816
19187 594
19041 313
49507 324
7002 309
15432 110
14860 114
4678 658
46317 921
15977 300
38736 933
6708 340
12874 549
52166 3
26683 69
34239 58
22863 190
5699 578
6839 433
15492 557
1950 638
26440 559
1266 939
25339 747
6593 619
1423 47
51749 152
19243 909
32567 248
41462 731
20659 544
14800 907
33498 387
32109 532
42506 61
29711 17
42336 866
7940 82
31260 261
25227 747
19736 694
42831 221
1760 794
9180 472
31346 673
12920 994
43485 736
42975 734
49004 797
5068 133
13581 248
26420 89
49281 690
18569 573
49655 70
18546 368
11430 366
5656 808
7256 322
18080 724
23598 825
41278 630
29172 708
50770 791
2129 573
41629 522
32975 396
31342 562
26771 979
41287 752
4388 574
24190 837
30582 517
26920 875
7508 515
13722 525
12983 514
13648 553
91 683
256 295
11090 58
47641 34
48171 319
42438 568
52516 153
20559 876
49862 517
28723 949
32168 480
51930 676
32082 184
6223 735
8965 912
43199 315
37771 961
32574 548
28830 930
6242 94
38715 411
44059 930
23718 226
26418 393
23135 857
45088 215
38399 767
28349 259
34569 698
24875 890
24007 484
34027 496
26198 446
43773 815
21874 348
32379 16
1670 223
18051 943
35885 212
30568 246
15553 616
458 54
37076 601
2807 191
39133 859
1187 142
8803 909
18336 826
49168 612
7761 211
49606 262
24029 637
43663 311
36594 571
39523 401
42712 34
8570 836
44300 74
47221 622
45464 746
31955 737
5089 450
28439 454
14169 607
4828 590
26878 952
18866 626
30671 9
49449 145
45603 179
4204 822
44033 96
5583 707
44320 408
42192 189
21479 557
2993 776
13029 51
38780 581
28979 819
33690 706
19132 424
2023 460
45141 815
8233 214
31870 739
20765 389
5979 345
14496 236
18492 708
1082 437
17712 472
14411 941
23932 301
32608 982
4227 976
24938 91
12902 923
15778 741
47525 454
36452 13
4920 735
17927 559
22319 592
3100 777
2998 576
13925 896
51439 471
16807 180
12391 190
52160 310
38953 453
3538 872
44243 436
22533 941
45107 304
35407 748
33939 930
870 881
19193 854
8683 959
9031 769
14848 217
34712 581
3861 629
41751 326
29183 299
26803 829
45431 443
36944 325
7811 538
41998 529
1689 436
26373 62
10935 359
26180 751
49712 438
32110 286
51445 401
32146 996
19807 483
24994 13
23622 201
6843 986
6407 560
43755 903
33638 585
24646 179
28624 11
45540 801
31817 669
7389 784
31520 846
49443 870
14681 3
44675 407
24933 87
18695 785
6380 249
24087 684
20346 253
25578 831
44170 172
25729 632
36540 178
17356 903
39563 618
33715 817
46679 507
20405 995
29116 432
40736 287
1234 868
30642 803
14832 163
7105 152
44892 213
52322 68
49172 503
9031 527
4409 974
45626 782
29687 431
14231 796
5475 531
21539 10
15897 869
44709 251
47769 364
5396 738
4112 286
5985 658
41127 967
52395 814
21556 109
44137 232
36495 807
2135 71
24901 974
34216 757
12674 536
27499 291
4939 335
37245 260
46080 695
13506 238
18163 332
3343 724
22713 132
36583 905
48590 702
50875 159
3306 811
45736 136
14686 652
7199 914
43284 810
50401 193
44641 491
8163 896
10299 866
41227 194
44504 987
7415 692
16557 453
39763 439
38140 570
44455 195
4643 481
10539 834
47258 421
52503 112
40469 48
29250 317
42104 539
39394 291
10444 457
24886 686
20256 280
2412 926
24704 788
23407 594
18394 848
10654 910
2423 64
32891 487
13893 904
22597 561
46698 837
13726 498
1789 969
42068 915
11326 711
603 246
25220 825
50191 951
15950 132
17035 733
19962 809
28353 322
22592 665
46795 10
43088 912
20824 503
48462 349
10511 636
2397 642
13843 547
23021 797
18358 550
6912 406
43063 751
14005 166
28849 844
17087 589
32416 527
13425 370
17948 802
7399 327
9827 372
12328 611
1126 572
29456 218
31109 734
35664 606
420 694
41956 91
48763 521
34176 796
3858 521
33406 804
13868 610
14536 875
40805 866
39978 149
20198 180
35597 559
19266 271
28450 699
22216 451
17137 929
17462 634
39774 995
44842 417
1738 961
11979 948
405 623
13622 232
44004 252
41637 661
21324 179
41402 305
25135 131
8982 757
48763 18
41985 401
5758 824
46658 849
8546 33
9301 302
47282 76
36656 556
46201 650
2001 785
4909 783
3804 662
22247 678
39979 450
21517 986
25982 328
30644 744
48392 498
24651 410
31750 738
37255 109
37218 63
47709 410
6284 487
5159 54
49244 926
17420 295
19578 432
23070 30
41791 531
4016 446
18334 372
24944 767
50634 168
22555 937
44573 665
18988 442
2703 674
22575 207
37816 27
24412 377
13119 499
47605 285
45553 766
13450 336
46799 390
10278 624
66 166
37874 40
8963 353
26521 586
27008 994
6783 619
2243 701
40390 946
46745 813
27095 620
25782 889
17536 776
48816 428
1792 898
8597 925
33227 775
51220 436
28283 582
6529 532
51952 17
30035 334
6504 410
47181 225
5315 195
31169 116
20010 782
40871 103
51996 570
52361 37
11243 957
44759 815
1465 88
51886 176
9504 412
20319 996
30723 14
46758 730
11689 323
31966 994
23751 196
35306 821
52436 991
10787 457
45454 777
37273 390
25808 150
40708 892
8314 782
6047 979
21788 306
19746 236
19810 916
49178 737
10101 984
35663 49
52243 210
46533 632
14492 485
32058 747
1868 417
31463 994
33501 861
2767 734
21510 853
44207 178
11282 166
22661 651
18079 898
20560 531
33391 648
42043 119
29586 744
23457 752
26561 148
36211 208
32626 573
4083 193
34753 644
34407 47
42094 264
15219 173
27764 35
14123 161
23485 82
16995 275
29878 326
10315 293
6163 639
33569 881
46924 931
46821 205
2314 629
30899 476
31642 891
10612 280
47716 199
27584 882
10500 716
24023 27
36386 93
44517 533
13600 323
52513 761
39187 140
18924 730
10166 251
42013 171
32017 664
48299 297
30635 943
35253 836
3393 963
2764 239
43569 239
41574 982
33500 784
25965 319
5120 613
49679 641
30680 139
19668 345
6063 367
34044 792
37014 844
39804 32
40630 519
39391 513
43035 372
19741 508
31381 576
25263 654
29063 551
3312 749
15603 727
25783 681
42021 906
15228 86
43072 129
30964 903
23918 998
3741 177
10748 723
37785 312
10637 320
20797 526
22514 618
26472 898
3034 17
34468 751
46967 479
38700 855
40340 263
48161 34
27232 61
5781 194
19556 531
19060 75
33529 794
18465 290
12121 860
41584 350
28338 904
23550 587
13094 445
12037 696
49744 702
21834 117
32407 764
45990 766
2 120
43994 216
42983 340
23944 862
21618 922
26901 904
38347 317
36776 49
34665 807
1252 420
11326 656
4213 867
20776 269
11823 612
17589 899
630 15
2263 841
5042 73
46300 237
45263 99
31596 860
30774 761
26508 264
11644 374
20342 62
11 688
4270 32
46527 253
41164 359
38332 886
39984 223
27087 937
10949 762
31032 955
43838 779
50217 316
19309 82
49041 638
40358 800
51978 340
19818 33
3883 879
44110 995
37337 126
49114 137
50908 463
15116 429
3478 99
6169 340
37145 943
16832 806
20879 269
50781 432
42404 707
44610 29
24724 399
51706 103
49567 630
39227 266
13587 418
8305 730
1782 766
33405 508
8509 240
48254 512
17042 769
29207 654
4682 748
20567 165
29181 41
47411 630
15631 526
45610 192
8398 405
20106 28
9251 593
30285 989
44377 151
49536 829
19145 500
