566 639
22 587
37 379
53 380
61 19
13 325
43 590
45 308
7 704
49 6
10 1000
14 250
51 549
63 382
25 397
53 673
18 212
56 241
55 293
14 797
41 987
23 22
29 150
2 168
45 220
46 641
61 981
32 6
22 27
59 662
46 775
30 940
38 900
3 128
14 300
15 879
18 376
22 38
55 207
55 500
63 418
14 754
12 124
12 213
11 63
8 187
15 440
27 855
39 421
1 691
2 575
17 501
28 709
28 324
23 94
50 785
53 505
59 258
19 644
60 738
32 651
58 24
25 497
3 999
3 27
25 84
22 959
54 216
15 528
27 633
19 324
50 86
14 186
43 255
9 640
10 631
58 21
24 817
52 947
43 893
20 107
42 29
22 998
16 230
25 614
34 353
3 258
37 456
45 351
42 307
9 985
7 779
48 752
29 325
49 205
14 467
13 833
5 903
53 575
46 728
34 461
56 403
56 741
45 415
6 851
35 938
23 612
15 619
5 728
33 49
16 751
14 92
10 792
2 859
46 787
43 959
34 869
58 696
45 347
37 883
29 165
42 369
40 657
62 961
1 752
12 542
31 928
18 137
16 992
41 416
11 411
59 612
38 311
21 206
51 375
33 386
42 396
3 675
40 874
26 317
35 34
17 463
34 698
61 237
32 143
29 679
49 519
58 532
46 434
1 450
33 926
47 193
19 972
52 672
61 462
44 976
33 862
31 797
46 92
61 925
51 303
15 257
10 593
13 864
2 877
20 128
13 442
10 641
55 704
60 179
34 421
10 971
28 753
28 437
11 613
54 586
46 311
40 246
62 374
60 575
56 106
4 799
15 475
62 687
40 815
38 225
7 136
29 370
43 115
36 696
25 698
22 9
18 519
22 385
36 279
29 793
1 341
18 370
41 603
48 492
11 965
12 678
11 250
24 810
39 73
45 330
26 413
45 325
57 960
40 264
58 103
16 918
43 803
16 652
3 215
28 971
56 798
22 711
18 130
51 247
56 913
26 729
45 141
4 600
57 481
3 920
29 232
30 569
30 990
50 484
23 209
30 959
30 69
40 789
4 83
57 195
8 483
4 178
12 135
36 293
44 10
12 427
48 92
35 932
40 810
63 593
18 874
38 420
40 206
24 63
51 124
52 62
24 309
30 919
23 166
35 462
20 516
46 280
56 999
21 919
56 834
63 483
7 65
54 698
42 542
34 587
51 777
12 920
44 978
33 335
38 414
9 397
20 854
50 662
41 683
52 349
55 628
41 803
4 964
36 664
47 962
42 9
37 156
23 634
1 471
34 829
7 593
21 154
34 692
55 216
3 459
29 872
61 43
19 634
29 860
21 458
54 908
26 210
14 563
4 364
49 935
30 975
46 90
20 337
10 116
25 948
29 517
10 448
29 664
29 230
48 891
18 284
60 397
37 216
14 108
49 227
24 483
26 144
59 861
56 773
7 765
40 368
51 933
48 671
54 620
29 805
24 107
20 195
18 60
51 245
11 341
4 82
36 505
4 324
29 552
30 725
55 422
25 853
5 171
31 411
53 169
20 156
63 461
50 188
17 281
61 754
60 964
40 457
11 830
22 956
47 665
26 80
9 640
17 32
30 243
53 609
35 968
8 777
25 898
29 214
58 787
58 289
16 921
49 111
63 410
37 421
54 251
47 297
26 747
38 624
35 688
60 769
16 260
46 631
23 986
19 735
41 917
10 843
32 68
21 41
7 323
7 700
43 704
19 283
32 806
48 745
32 954
54 443
40 376
28 575
55 512
10 692
10 820
22 751
56 111
43 155
26 724
25 200
50 455
3 232
40 503
53 318
6 436
33 222
4 765
35 972
50 907
9 472
48 874
50 644
38 172
15 139
7 177
16 848
41 244
40 639
53 532
54 826
59 273
51 775
7 908
53 750
46 989
41 662
33 164
13 151
54 56
32 613
12 782
55 846
46 804
54 199
40 105
14 591
63 890
59 167
8 565
30 290
60 974
59 456
29 457
60 774
17 958
14 746
62 859
13 9
52 112
4 301
37 221
42 55
57 320
7 970
10 327
6 600
53 740
52 282
42 131
50 808
29 84
47 155
42 535
30 343
15 906
6 58
60 559
51 686
3 753
4 662
10 765
27 311
20 111
14 197
55 762
11 964
34 870
25 71
1 781
29 140
4 17
19 215
32 130
62 573
61 933
54 726
48 858
55 245
55 274
42 64
48 3
21 174
34 826
28 999
21 216
28 94
61 854
60 581
21 711
33 768
13 828
50 694
25 842
24 810
57 202
43 638
9 789
38 443
34 714
55 62
26 592
36 381
61 639
37 1000
8 275
2 106
16 91
23 995
20 229
4 292
43 171
20 246
61 676
50 758
44 73
13 820
54 546
30 278
19 231
37 680
31 326
55 899
3 481
10 887
54 638
39 861
38 260
50 249
44 601
46 777
37 674
59 365
41 183
19 662
44 933
51 179
4 18
24 904
56 950
46 713
27 131
48 365
22 324
63 66
4 291
47 205
36 598
43 569
53 600
40 532
58 33
20 585
27 52
35 958
54 519
49 391
17 445
18 783
3 998
