757 654
3 855
44 519
18 517
12 441
49 969
36 885
50 817
52 304
36 754
17 198
31 438
8 715
46 883
18 721
38 555
53 46
59 113
42 715
8 596
39 630
26 13
49 260
65 48
15 685
57 517
6 157
53 532
28 43
30 378
1 125
53 820
16 606
41 95
14 200
28 466
54 89
58 862
29 447
17 141
43 663
51 333
23 387
6 558
11 5
41 264
27 458
35 276
60 625
22 594
63 142
5 997
43 710
41 378
52 355
34 120
25 206
20 597
16 489
13 937
9 533
9 138
22 520
29 21
15 602
34 417
12 22
8 746
2 931
40 114
18 867
53 723
30 485
40 655
43 631
55 262
17 365
7 317
45 325
18 934
38 200
1 661
13 625
33 735
17 73
25 143
38 794
30 607
39 397
41 409
37 112
29 740
46 978
19 145
38 391
55 958
20 93
43 462
41 602
30 857
2 386
37 363
44 741
27 862
34 264
57 316
29 839
56 1
4 800
29 111
33 922
57 654
44 941
7 943
63 652
23 841
55 258
33 40
50 949
44 775
31 944
26 139
58 637
50 191
38 94
59 471
22 247
2 336
64 982
14 179
49 676
28 239
64 9
38 733
35 228
13 144
6 609
18 544
44 167
33 143
36 242
4 861
16 597
47 566
48 798
15 826
60 726
59 893
10 599
49 724
16 858
40 72
18 339
36 203
35 210
39 824
24 176
50 561
52 298
23 822
56 435
49 890
19 513
39 757
30 941
28 901
41 460
46 9
43 955
29 398
42 212
23 300
65 802
63 975
50 523
35 490
27 520
62 471
8 680
8 521
43 827
2 855
64 667
12 475
20 977
37 993
29 279
52 882
39 661
12 390
44 553
24 753
41 163
12 171
60 802
26 723
61 243
37 298
56 553
9 425
31 607
49 604
41 811
26 678
41 582
15 54
63 941
15 192
53 455
46 249
40 385
48 672
57 784
16 460
14 523
56 554
44 68
8 384
3 515
17 615
18 801
10 514
23 710
18 404
20 820
29 381
12 208
43 219
4 243
39 666
32 582
1 578
56 114
28 733
50 70
43 364
41 109
59 924
6 246
17 523
47 37
55 665
54 235
12 424
8 497
35 991
49 972
35 878
59 500
56 471
43 322
19 994
3 146
7 364
36 505
60 479
39 988
22 203
61 210
65 116
18 432
3 549
43 991
18 356
20 43
22 535
59 334
24 855
11 784
9 427
13 385
17 582
7 572
39 855
21 171
42 590
49 923
61 101
42 412
27 616
25 490
17 306
47 386
29 270
19 255
40 360
14 310
15 640
13 686
4 194
33 642
18 557
33 366
2 361
24 874
61 282
4 9
2 331
30 264
39 866
59 337
29 450
15 743
53 14
61 283
2 961
33 774
50 353
59 645
23 283
54 153
2 923
63 287
31 296
57 98
29 634
36 238
23 736
4 37
42 824
31 64
19 972
8 454
38 273
48 888
4 139
17 504
22 334
44 281
18 707
33 759
34 648
65 38
13 378
18 663
8 813
20 902
59 554
34 537
50 952
2 83
62 723
53 374
5 774
27 990
30 319
11 432
61 791
25 606
51 303
6 156
59 285
35 115
53 701
6 722
7 651
33 55
49 586
39 520
4 220
3 577
29 275
8 924
54 287
52 927
12 894
13 183
9 79
49 997
53 247
59 370
15 690
35 435
65 755
13 703
64 84
23 199
38 659
65 553
26 46
4 112
58 742
16 507
22 676
14 491
37 459
47 756
19 695
4 355
21 467
30 938
25 417
33 593
19 101
59 331
19 85
57 419
5 430
35 356
7 346
24 419
25 540
44 311
64 338
5 889
48 316
53 425
7 690
59 825
31 391
36 972
9 888
40 907
39 45
38 623
42 980
53 983
65 687
30 996
14 944
43 237
5 21
55 311
43 875
62 553
25 904
34 867
55 573
2 957
28 193
39 404
42 467
7 881
30 292
37 721
25 605
43 405
26 410
53 940
49 238
64 121
41 871
32 621
48 927
23 659
55 813
64 489
47 674
16 581
47 929
7 516
64 910
64 429
17 69
24 513
50 223
57 229
56 247
61 288
18 437
58 426
27 895
32 365
7 642
18 244
52 650
13 228
7 448
61 486
3 363
39 854
39 438
12 508
60 229
25 582
47 110
44 6
59 113
25 795
48 277
46 732
20 169
62 479
31 255
9 878
22 896
45 618
27 255
55 206
7 144
4 533
9 787
8 759
37 663
51 91
30 4
3 281
62 903
6 380
2 101
42 82
34 417
51 512
23 794
15 994
4 453
19 30
6 346
58 409
15 571
28 36
64 479
42 149
60 799
2 940
17 261
31 817
23 308
19 185
5 710
3 495
16 664
31 467
29 431
9 230
27 530
54 943
20 646
55 944
10 9
3 321
35 719
51 96
26 248
21 44
64 508
40 775
25 456
22 901
58 205
54 285
46 372
57 838
41 940
24 368
58 20
48 188
49 637
54 599
50 914
36 385
5 352
35 560
14 926
14 766
39 701
33 54
44 714
1 999
18 872
13 731
4 458
53 645
61 312
40 387
6 13
49 531
28 983
7 454
52 14
1 276
17 95
15 389
37 118
1 552
53 882
27 994
42 29
20 241
10 353
24 348
7 637
35 293
34 540
23 536
15 876
7 980
3 778
8 859
41 307
21 955
37 283
11 637
17 278
64 283
34 816
1 555
11 400
11 917
3 197
57 421
40 77
54 458
64 131
21 266
65 509
31 926
46 207
54 213
47 264
8 8
46 980
49 156
65 169
24 109
8 346
58 959
41 20
11 232
11 168
24 339
65 485
30 193
28 615
21 810
27 219
65 144
25 654
8 242
36 964
22 853
19 414
20 575
46 675
26 261
21 868
56 528
26 568
19 802
27 426
39 471
56 504
61 494
60 418
62 300
2 75
39 266
58 423
28 618
21 764
57 565
64 433
36 35
34 807
26 504
45 940
25 201
4 767
55 408
14 321
41 643
51 152
16 618
42 496
48 414
53 671
31 28
9 662
13 143
52 642
61 492
23 755
51 630
42 545
9 783
55 253
44 925
19 776
10 516
1 194
26 693
36 570
18 807
62 842
14 952
53 779
28 738
61 771
19 112
18 402
4 819
12 744
52 548
32 300
47 105
62 856
18 680
19 793
24 60
1 170
24 464
60 666
12 798
44 50
45 401
64 998
15 259
50 651
31 856
59 706
50 235
7 578
13 193
9 678
60 503
62 5
60 87
6 548
61 938
8 167
65 710
38 194
1 715
22 956
46 435
38 614
65 432
35 112
62 457
10 369
60 492
21 799
21 369
59 213
25 987
35 496
63 352
24 821
64 937
9 4
51 914
27 354
21 31
63 8
20 957
48 571
16 601
34 605
53 487
28 372
30 260
39 961
40 754
4 724
39 229
19 248
57 825
46 765
