182 614
46 879
46 483
6 548
28 850
22 74
1 271
33 191
14 362
57 364
10 648
45 407
50 880
19 587
15 815
13 867
8 471
48 134
30 206
3 735
17 869
11 677
32 50
36 13
32 964
23 629
4 790
39 844
19 784
28 819
14 9
25 717
2 340
41 36
29 342
26 178
3 248
52 762
52 322
55 275
35 44
11 975
17 163
55 672
21 788
32 611
39 655
17 130
19 305
22 778
25 242
57 89
40 89
21 62
30 138
52 871
23 292
14 649
30 149
40 881
43 39
47 881
47 500
23 984
27 644
59 811
3 172
47 159
16 610
46 814
61 734
38 132
4 45
59 486
20 837
12 666
23 959
18 631
9 861
8 420
58 951
10 794
5 103
48 426
44 525
34 714
22 118
32 802
25 78
34 919
30 728
45 584
57 104
40 803
8 920
14 287
2 271
36 896
17 710
43 289
29 834
32 848
10 321
52 188
59 643
59 780
9 384
44 655
11 601
30 972
59 966
39 78
44 481
53 149
4 466
39 341
38 176
18 673
15 369
61 992
23 236
47 232
16 590
37 436
40 907
61 545
61 934
38 600
51 47
44 325
35 546
2 664
48 980
20 952
41 511
54 512
56 868
59 235
39 342
26 78
28 464
27 84
35 8
36 386
29 115
41 412
39 369
26 128
23 722
41 722
5 552
48 1
38 223
5 661
34 563
27 239
23 411
24 910
36 266
61 570
39 994
38 343
3 123
41 168
11 424
2 249
2 532
36 844
1 9
29 693
31 935
14 51
28 465
49 322
20 193
49 868
57 962
43 804
26 745
58 423
11 393
35 352
13 350
